20	-0.056722	-0.00934245	0.0319987
30	-0.113037	-0.0181967	0.0633139
40	-0.169759	-0.0272298	0.0958985
50	-0.226807	-0.0370443	0.127376
60	-0.284049	-0.0462565	0.159733
60	-0.284049	-0.0462565	0.159733
60	-0.284049	-0.0462565	0.159733
70	-0.341308	-0.0554198	0.192106
70	-0.341308	-0.0554198	0.192106
70	-0.341308	-0.0554198	0.192106
80	-0.397606	-0.0647785	0.224609
80	-0.397606	-0.0647785	0.224609
80	-0.397606	-0.0647785	0.224609
90	-0.454589	-0.0738442	0.257144
90	-0.454589	-0.0738442	0.257144
90	-0.454589	-0.0738442	0.257144
90	-0.454589	-0.0738442	0.257144
100	-0.511799	-0.0831378	0.288655
100	-0.511799	-0.0831378	0.288655
100	-0.511799	-0.0831378	0.288655
100	-0.511799	-0.0831378	0.288655
110	-0.56896	-0.092171	0.3201
110	-0.56896	-0.092171	0.3201
110	-0.56896	-0.092171	0.3201
110	-0.56896	-0.092171	0.3201
120	-0.626284	-0.101253	0.352375
120	-0.626284	-0.101253	0.352375
120	-0.626284	-0.101253	0.352375
120	-0.626284	-0.101253	0.352375
130	-0.683104	-0.110791	0.384944
130	-0.683104	-0.110791	0.384944
130	-0.683104	-0.110791	0.384944
130	-0.683104	-0.110791	0.384944
140	-0.740135	-0.120019	0.417626
140	-0.740135	-0.120019	0.417626
140	-0.740135	-0.120019	0.417626
140	-0.740135	-0.120019	0.417626
150	-0.796905	-0.12928	0.450471
150	-0.796905	-0.12928	0.450471
150	-0.796905	-0.12928	0.450471
150	-0.796905	-0.12928	0.450471
160	-0.853741	-0.138379	0.482453
160	-0.853741	-0.138379	0.482453
160	-0.853741	-0.138379	0.482453
160	-0.853741	-0.138379	0.482453
160	-0.85418	-0.138216	0.48273
170	-0.85418	-0.138216	0.48273
170	-0.85418	-0.138216	0.48273
170	-0.85418	-0.138216	0.48273
170	-0.85418	-0.138216	0.48273
170	-0.854929	-0.139648	0.483885
180	-0.854929	-0.139648	0.483885
180	-0.854929	-0.139648	0.483885
180	-0.854929	-0.139648	0.483885
180	-0.854929	-0.139648	0.483885
180	-0.855335	-0.139192	0.483706
190	-0.855335	-0.139192	0.483706
190	-0.855335	-0.139192	0.483706
190	-0.855335	-0.139192	0.483706
190	-0.855335	-0.139192	0.483706
190	-0.85501	-0.138899	0.485512
200	-0.85501	-0.138899	0.485512
200	-0.85501	-0.138899	0.485512
200	-0.85501	-0.138899	0.485512
200	-0.85501	-0.138899	0.485512
200	-0.854635	-0.138671	0.485317
210	-0.854635	-0.138671	0.485317
210	-0.854635	-0.138671	0.485317
210	-0.854635	-0.138671	0.485317
210	-0.854635	-0.138671	0.485317
210	-0.85449	-0.138671	0.484813
220	-0.85449	-0.138671	0.484813
220	-0.85449	-0.138671	0.484813
220	-0.85449	-0.138671	0.484813
220	-0.85449	-0.138671	0.484813
220	-0.855076	-0.137695	0.485155
230	-0.855076	-0.137695	0.485155
230	-0.855076	-0.137695	0.485155
230	-0.855076	-0.137695	0.485155
230	-0.855076	-0.137695	0.485155
230	-0.855043	-0.137841	0.48478
240	-0.855043	-0.137841	0.48478
240	-0.855043	-0.137841	0.48478
240	-0.855043	-0.137841	0.48478
240	-0.855043	-0.137841	0.48478
240	-0.854994	-0.137451	0.485887
250	-0.854994	-0.137451	0.485887
250	-0.854994	-0.137451	0.485887
250	-0.854994	-0.137451	0.485887
250	-0.854994	-0.137451	0.485887
250	-0.854832	-0.137939	0.487271
260	-0.854832	-0.137939	0.487271
260	-0.854832	-0.137939	0.487271
260	-0.854832	-0.137939	0.487271
260	-0.854832	-0.137939	0.487271
260	-0.854799	-0.138525	0.487564
270	-0.854799	-0.138525	0.487564
270	-0.854799	-0.138525	0.487564
270	-0.854799	-0.138525	0.487564
270	-0.854799	-0.138525	0.487564
270	-0.855206	-0.138851	0.487613
280	-0.855206	-0.138851	0.487613
280	-0.855206	-0.138851	0.487613
280	-0.855206	-0.138851	0.487613
280	-0.855206	-0.138851	0.487613
280	-0.854995	-0.13929	0.486766
290	-0.854995	-0.13929	0.486766
290	-0.854995	-0.13929	0.486766
290	-0.854995	-0.13929	0.486766
290	-0.854995	-0.13929	0.486766
290	-0.855109	-0.139046	0.48649
300	-0.855109	-0.139046	0.48649
300	-0.855109	-0.139046	0.48649
300	-0.855109	-0.139046	0.48649
300	-0.855109	-0.139046	0.48649
300	-0.855548	-0.139209	0.48719
310	-0.855548	-0.139209	0.48719
310	-0.855548	-0.139209	0.48719
310	-0.855548	-0.139209	0.48719
310	-0.855548	-0.139209	0.48719
310	-0.854734	-0.138948	0.487255
320	-0.854734	-0.138948	0.487255
320	-0.854734	-0.138948	0.487255
320	-0.854734	-0.138948	0.487255
320	-0.854734	-0.138948	0.487255
320	-0.854718	-0.138769	0.486945
330	-0.854718	-0.138769	0.486945
330	-0.854718	-0.138769	0.486945
330	-0.854718	-0.138769	0.486945
330	-0.854718	-0.138769	0.486945
330	-0.85462	-0.139437	0.487385
340	-0.85462	-0.139437	0.487385
340	-0.85462	-0.139437	0.487385
340	-0.85462	-0.139437	0.487385
340	-0.85462	-0.139437	0.487385
340	-0.854181	-0.138883	0.486246
350	-0.854181	-0.138883	0.486246
350	-0.854181	-0.138883	0.486246
350	-0.854181	-0.138883	0.486246
350	-0.854181	-0.138883	0.486246
350	-0.854002	-0.139241	0.48566
360	-0.854002	-0.139241	0.48566
360	-0.854002	-0.139241	0.48566
360	-0.854002	-0.139241	0.48566
360	-0.854002	-0.139241	0.48566
360	-0.853855	-0.13859	0.486848
370	-0.853855	-0.13859	0.486848
370	-0.853855	-0.13859	0.486848
370	-0.853855	-0.13859	0.486848
370	-0.853855	-0.13859	0.486848
370	-0.85379	-0.139599	0.486115
380	-0.85379	-0.139599	0.486115
380	-0.85379	-0.139599	0.486115
380	-0.85379	-0.139599	0.486115
380	-0.85379	-0.139599	0.486115
380	-0.854018	-0.139176	0.48675
390	-0.854018	-0.139176	0.48675
390	-0.854018	-0.139176	0.48675
390	-0.854018	-0.139176	0.48675
390	-0.854018	-0.139176	0.48675
390	-0.854034	-0.138672	0.48688
400	-0.854034	-0.138672	0.48688
400	-0.854034	-0.138672	0.48688
400	-0.854034	-0.138672	0.48688
400	-0.854034	-0.138672	0.48688
400	-0.854051	-0.138248	0.486701
410	-0.854051	-0.138248	0.486701
410	-0.854051	-0.138248	0.486701
410	-0.854051	-0.138248	0.486701
410	-0.854051	-0.138248	0.486701
410	-0.853497	-0.13846	0.48662
420	-0.853497	-0.13846	0.48662
420	-0.853497	-0.13846	0.48662
420	-0.853497	-0.13846	0.48662
420	-0.853497	-0.13846	0.48662
420	-0.852976	-0.137776	0.486001
430	-0.852976	-0.137776	0.486001
430	-0.852976	-0.137776	0.486001
430	-0.852976	-0.137776	0.486001
430	-0.852976	-0.137776	0.486001
430	-0.853578	-0.137369	0.48675
440	-0.853578	-0.137369	0.48675
440	-0.853578	-0.137369	0.48675
440	-0.853578	-0.137369	0.48675
440	-0.853578	-0.137369	0.48675
440	-0.853334	-0.137614	0.486652
450	-0.853334	-0.137614	0.486652
450	-0.853334	-0.137614	0.486652
450	-0.853334	-0.137614	0.486652
450	-0.853334	-0.137614	0.486652
450	-0.853156	-0.137825	0.485643
460	-0.853156	-0.137825	0.485643
460	-0.853156	-0.137825	0.485643
460	-0.853156	-0.137825	0.485643
460	-0.853156	-0.137825	0.485643
460	-0.853465	-0.137532	0.485871
470	-0.853465	-0.137532	0.485871
470	-0.853465	-0.137532	0.485871
470	-0.853465	-0.137532	0.485871
470	-0.853465	-0.137532	0.485871
470	-0.853595	-0.136702	0.485513
480	-0.853595	-0.136702	0.485513
480	-0.853595	-0.136702	0.485513
480	-0.853595	-0.136702	0.485513
480	-0.853595	-0.136702	0.485513
480	-0.853872	-0.136523	0.484146
490	-0.853872	-0.136523	0.484146
490	-0.853872	-0.136523	0.484146
490	-0.853872	-0.136523	0.484146
490	-0.853872	-0.136523	0.484146
490	-0.85449	-0.136832	0.484667
500	-0.85449	-0.136832	0.484667
500	-0.85449	-0.136832	0.484667
500	-0.85449	-0.136832	0.484667
500	-0.85449	-0.136832	0.484667
500	-0.854148	-0.137858	0.485497
510	-0.854148	-0.137858	0.485497
510	-0.854148	-0.137858	0.485497
510	-0.854148	-0.137858	0.485497
510	-0.854148	-0.137858	0.485497
510	-0.853449	-0.139339	0.484764
520	-0.853449	-0.139339	0.484764
520	-0.853449	-0.139339	0.484764
520	-0.853449	-0.139339	0.484764
520	-0.853449	-0.139339	0.484764
520	-0.853302	-0.139306	0.485188
530	-0.853302	-0.139306	0.485188
530	-0.853302	-0.139306	0.485188
530	-0.853302	-0.139306	0.485188
530	-0.853302	-0.139306	0.485188
530	-0.853579	-0.139599	0.485123
540	-0.853579	-0.139599	0.485123
540	-0.853579	-0.139599	0.485123
540	-0.853579	-0.139599	0.485123
540	-0.853579	-0.139599	0.485123
540	-0.853383	-0.140234	0.483658
550	-0.853383	-0.140234	0.483658
550	-0.853383	-0.140234	0.483658
550	-0.853383	-0.140234	0.483658
550	-0.853383	-0.140234	0.483658
550	-0.853335	-0.139892	0.484309
560	-0.853335	-0.139892	0.484309
560	-0.853335	-0.139892	0.484309
560	-0.853335	-0.139892	0.484309
560	-0.853335	-0.139892	0.484309
560	-0.853839	-0.139371	0.484227
570	-0.853839	-0.139371	0.484227
570	-0.853839	-0.139371	0.484227
570	-0.853839	-0.139371	0.484227
570	-0.853839	-0.139371	0.484227
570	-0.853921	-0.139078	0.485383
580	-0.853921	-0.139078	0.485383
580	-0.853921	-0.139078	0.485383
580	-0.853921	-0.139078	0.485383
580	-0.853921	-0.139078	0.485383
580	-0.853465	-0.138802	0.484114
590	-0.853465	-0.138802	0.484114
590	-0.853465	-0.138802	0.484114
590	-0.853465	-0.138802	0.484114
590	-0.853465	-0.138802	0.484114
590	-0.853497	-0.138786	0.483902
600	-0.853497	-0.138786	0.483902
600	-0.853497	-0.138786	0.483902
600	-0.853497	-0.138786	0.483902
600	-0.853497	-0.138786	0.483902
600	-0.853367	-0.1382	0.484992
610	-0.853367	-0.1382	0.484992
610	-0.853367	-0.1382	0.484992
610	-0.853367	-0.1382	0.484992
610	-0.853367	-0.1382	0.484992
610	-0.853872	-0.13872	0.484537
620	-0.853872	-0.13872	0.484537
620	-0.853872	-0.13872	0.484537
620	-0.853872	-0.13872	0.484537
620	-0.853872	-0.13872	0.484537
620	-0.853335	-0.138899	0.485204
630	-0.853335	-0.138899	0.485204
630	-0.853335	-0.138899	0.485204
630	-0.853335	-0.138899	0.485204
630	-0.853335	-0.138899	0.485204
630	-0.853237	-0.13903	0.486929
640	-0.853237	-0.13903	0.486929
640	-0.853237	-0.13903	0.486929
640	-0.853237	-0.13903	0.486929
640	-0.853237	-0.13903	0.486929
640	-0.8534	-0.139258	0.486246
650	-0.8534	-0.139258	0.486246
650	-0.8534	-0.139258	0.486246
650	-0.8534	-0.139258	0.486246
650	-0.8534	-0.139258	0.486246
650	-0.854165	-0.138362	0.486327
660	-0.854165	-0.138362	0.486327
660	-0.854165	-0.138362	0.486327
660	-0.854165	-0.138362	0.486327
660	-0.854165	-0.138362	0.486327
660	-0.854783	-0.137532	0.486311
670	-0.854783	-0.137532	0.486311
670	-0.854783	-0.137532	0.486311
670	-0.854783	-0.137532	0.486311
670	-0.854783	-0.137532	0.486311
670	-0.855288	-0.137532	0.486116
680	-0.855288	-0.137532	0.486116
680	-0.855288	-0.137532	0.486116
680	-0.855288	-0.137532	0.486116
680	-0.855288	-0.137532	0.486116
680	-0.855239	-0.137679	0.48605
690	-0.855239	-0.137679	0.48605
690	-0.855239	-0.137679	0.48605
690	-0.855239	-0.137679	0.48605
690	-0.855239	-0.137679	0.48605
690	-0.856379	-0.138069	0.487564
700	-0.856379	-0.138069	0.487564
700	-0.856379	-0.138069	0.487564
700	-0.856379	-0.138069	0.487564
700	-0.856379	-0.138069	0.487564
700	-0.856493	-0.137728	0.487255
710	-0.856493	-0.137728	0.487255
710	-0.856493	-0.137728	0.487255
710	-0.856493	-0.137728	0.487255
710	-0.856493	-0.137728	0.487255
710	-0.856346	-0.137744	0.487662
720	-0.856346	-0.137744	0.487662
720	-0.856346	-0.137744	0.487662
720	-0.856346	-0.137744	0.487662
720	-0.856346	-0.137744	0.487662
720	-0.857013	-0.138395	0.487174
730	-0.857013	-0.138395	0.487174
730	-0.857013	-0.138395	0.487174
730	-0.857013	-0.138395	0.487174
730	-0.857013	-0.138395	0.487174
730	-0.857388	-0.138509	0.48872
740	-0.857388	-0.138509	0.48872
740	-0.857388	-0.138509	0.48872
740	-0.857388	-0.138509	0.48872
740	-0.857388	-0.138509	0.48872
740	-0.857892	-0.138509	0.488362
750	-0.857892	-0.138509	0.488362
750	-0.857892	-0.138509	0.488362
750	-0.857892	-0.138509	0.488362
750	-0.857892	-0.138509	0.488362
750	-0.857583	-0.138183	0.488199
760	-0.857583	-0.138183	0.488199
760	-0.857583	-0.138183	0.488199
760	-0.857583	-0.138183	0.488199
760	-0.857583	-0.138183	0.488199
760	-0.857258	-0.138411	0.488215
770	-0.857258	-0.138411	0.488215
770	-0.857258	-0.138411	0.488215
770	-0.857258	-0.138411	0.488215
770	-0.857258	-0.138411	0.488215
770	-0.858022	-0.137842	0.488101
780	-0.858022	-0.137842	0.488101
780	-0.858022	-0.137842	0.488101
780	-0.858022	-0.137842	0.488101
780	-0.858022	-0.137842	0.488101
780	-0.857469	-0.137776	0.487678
790	-0.857469	-0.137776	0.487678
790	-0.857469	-0.137776	0.487678
790	-0.857469	-0.137776	0.487678
790	-0.857469	-0.137776	0.487678
790	-0.85716	-0.137532	0.488215
800	-0.85716	-0.137532	0.488215
800	-0.85716	-0.137532	0.488215
800	-0.85716	-0.137532	0.488215
800	-0.85716	-0.137532	0.488215
800	-0.856753	-0.137402	0.488117
810	-0.856753	-0.137402	0.488117
810	-0.856753	-0.137402	0.488117
810	-0.856753	-0.137402	0.488117
810	-0.856753	-0.137402	0.488117
810	-0.856443	-0.137337	0.488069
820	-0.856443	-0.137337	0.488069
820	-0.856443	-0.137337	0.488069
820	-0.856443	-0.137337	0.488069
820	-0.856443	-0.137337	0.488069
820	-0.856264	-0.137109	0.487727
830	-0.856264	-0.137109	0.487727
830	-0.856264	-0.137109	0.487727
830	-0.856264	-0.137109	0.487727
830	-0.856264	-0.137109	0.487727
830	-0.855776	-0.138151	0.487548
840	-0.855776	-0.138151	0.487548
840	-0.855776	-0.138151	0.487548
840	-0.855776	-0.138151	0.487548
840	-0.855776	-0.138151	0.487548
840	-0.854311	-0.13776	0.487287
850	-0.854311	-0.13776	0.487287
850	-0.854311	-0.13776	0.487287
850	-0.854311	-0.13776	0.487287
850	-0.854311	-0.13776	0.487287
850	-0.854099	-0.137841	0.487059
860	-0.854099	-0.137841	0.487059
860	-0.854099	-0.137841	0.487059
860	-0.854099	-0.137841	0.487059
860	-0.854099	-0.137841	0.487059
860	-0.853871	-0.137435	0.486555
870	-0.853871	-0.137435	0.486555
870	-0.853871	-0.137435	0.486555
870	-0.853871	-0.137435	0.486555
870	-0.853871	-0.137435	0.486555
870	-0.853058	-0.137435	0.486311
880	-0.853058	-0.137435	0.486311
880	-0.853058	-0.137435	0.486311
880	-0.853058	-0.137435	0.486311
880	-0.853058	-0.137435	0.486311
880	-0.85296	-0.137597	0.485367
890	-0.85296	-0.137597	0.485367
890	-0.85296	-0.137597	0.485367
890	-0.85296	-0.137597	0.485367
890	-0.85296	-0.137597	0.485367
890	-0.852748	-0.137711	0.486034
900	-0.852748	-0.137711	0.486034
900	-0.852748	-0.137711	0.486034
900	-0.852748	-0.137711	0.486034
900	-0.852748	-0.137711	0.486034
900	-0.853009	-0.138248	0.485757
910	-0.853009	-0.138248	0.485757
910	-0.853009	-0.138248	0.485757
910	-0.853009	-0.138248	0.485757
910	-0.853009	-0.138248	0.485757
910	-0.853318	-0.137662	0.486376
920	-0.853318	-0.137662	0.486376
920	-0.853318	-0.137662	0.486376
920	-0.853318	-0.137662	0.486376
920	-0.853318	-0.137662	0.486376
920	-0.852879	-0.137614	0.486799
930	-0.852879	-0.137614	0.486799
930	-0.852879	-0.137614	0.486799
930	-0.852879	-0.137614	0.486799
930	-0.852879	-0.137614	0.486799
930	-0.853139	-0.138785	0.486897
940	-0.853139	-0.138785	0.486897
940	-0.853139	-0.138785	0.486897
940	-0.853139	-0.138785	0.486897
940	-0.853139	-0.138785	0.486897
940	-0.853546	-0.13986	0.486945
950	-0.853546	-0.13986	0.486945
950	-0.853546	-0.13986	0.486945
950	-0.853546	-0.13986	0.486945
950	-0.853546	-0.13986	0.486945
950	-0.853432	-0.140153	0.486685
960	-0.853432	-0.140153	0.486685
960	-0.853432	-0.140153	0.486685
960	-0.853432	-0.140153	0.486685
960	-0.853432	-0.140153	0.486685
960	-0.854246	-0.141048	0.486734
970	-0.854246	-0.141048	0.486734
970	-0.854246	-0.141048	0.486734
970	-0.854246	-0.141048	0.486734
970	-0.854246	-0.141048	0.486734
970	-0.853888	-0.141406	0.487531
980	-0.853888	-0.141406	0.487531
980	-0.853888	-0.141406	0.487531
980	-0.853888	-0.141406	0.487531
980	-0.853888	-0.141406	0.487531
980	-0.853904	-0.140299	0.487629
990	-0.853904	-0.140299	0.487629
990	-0.853904	-0.140299	0.487629
990	-0.853904	-0.140299	0.487629
990	-0.853904	-0.140299	0.487629
990	-0.85423	-0.140543	0.487727
1000	-0.85423	-0.140543	0.487727
1000	-0.85423	-0.140543	0.487727
1000	-0.85423	-0.140543	0.487727
1000	-0.85423	-0.140543	0.487727
1000	-0.854458	-0.140901	0.487515
1010	-0.854458	-0.140901	0.487515
1010	-0.854458	-0.140901	0.487515
1010	-0.854458	-0.140901	0.487515
1010	-0.854458	-0.140901	0.487515
1010	-0.854734	-0.141699	0.488345
1020	-0.854734	-0.141699	0.488345
1020	-0.854734	-0.141699	0.488345
1020	-0.854734	-0.141699	0.488345
1020	-0.854734	-0.141699	0.488345
1020	-0.855109	-0.141536	0.48911
1030	-0.855109	-0.141536	0.48911
1030	-0.855109	-0.141536	0.48911
1030	-0.855109	-0.141536	0.48911
1030	-0.855109	-0.141536	0.48911
1030	-0.854946	-0.141308	0.490022
1040	-0.854946	-0.141308	0.490022
1040	-0.854946	-0.141308	0.490022
1040	-0.854946	-0.141308	0.490022
1040	-0.854946	-0.141308	0.490022
1040	-0.855223	-0.141406	0.49064
1050	-0.855223	-0.141406	0.49064
1050	-0.855223	-0.141406	0.49064
1050	-0.855223	-0.141406	0.49064
1050	-0.855223	-0.141406	0.49064
1050	-0.855353	-0.141585	0.490396
1060	-0.855353	-0.141585	0.490396
1060	-0.855353	-0.141585	0.490396
1060	-0.855353	-0.141585	0.490396
1060	-0.855353	-0.141585	0.490396
1060	-0.855402	-0.142285	0.490689
1070	-0.855402	-0.142285	0.490689
1070	-0.855402	-0.142285	0.490689
1070	-0.855402	-0.142285	0.490689
1070	-0.855402	-0.142285	0.490689
1070	-0.855532	-0.143701	0.490624
1080	-0.855532	-0.143701	0.490624
1080	-0.855532	-0.143701	0.490624
1080	-0.855532	-0.143701	0.490624
1080	-0.855532	-0.143701	0.490624
1080	-0.855581	-0.142431	0.48981
1090	-0.855581	-0.142431	0.48981
1090	-0.855581	-0.142431	0.48981
1090	-0.855581	-0.142431	0.48981
1090	-0.855581	-0.142431	0.48981
1090	-0.855564	-0.141715	0.489712
1100	-0.855564	-0.141715	0.489712
1100	-0.855564	-0.141715	0.489712
1100	-0.855564	-0.141715	0.489712
1100	-0.855564	-0.141715	0.489712
1100	-0.855939	-0.141113	0.489908
1110	-0.855939	-0.141113	0.489908
1110	-0.855939	-0.141113	0.489908
1110	-0.855939	-0.141113	0.489908
1110	-0.855939	-0.141113	0.489908
1110	-0.855288	-0.141341	0.490184
1120	-0.855288	-0.141341	0.490184
1120	-0.855288	-0.141341	0.490184
1120	-0.855288	-0.141341	0.490184
1120	-0.855288	-0.141341	0.490184
1120	-0.855515	-0.140787	0.489322
1130	-0.855515	-0.140787	0.489322
1130	-0.855515	-0.140787	0.489322
1130	-0.855515	-0.140787	0.489322
1130	-0.855515	-0.140787	0.489322
1130	-0.855662	-0.140983	0.489729
1140	-0.855662	-0.140983	0.489729
1140	-0.855662	-0.140983	0.489729
1140	-0.855662	-0.140983	0.489729
1140	-0.855662	-0.140983	0.489729
1140	-0.855711	-0.140185	0.488557
1150	-0.855711	-0.140185	0.488557
1150	-0.855711	-0.140185	0.488557
1150	-0.855711	-0.140185	0.488557
1150	-0.855711	-0.140185	0.488557
1150	-0.85545	-0.140885	0.488345
1160	-0.85545	-0.140885	0.488345
1160	-0.85545	-0.140885	0.488345
1160	-0.85545	-0.140885	0.488345
1160	-0.85545	-0.140885	0.488345
1160	-0.854913	-0.140006	0.487889
1170	-0.854913	-0.140006	0.487889
1170	-0.854913	-0.140006	0.487889
1170	-0.854913	-0.140006	0.487889
1170	-0.854913	-0.140006	0.487889
1170	-0.854978	-0.139974	0.487043
1180	-0.854978	-0.139974	0.487043
1180	-0.854978	-0.139974	0.487043
1180	-0.854978	-0.139974	0.487043
1180	-0.854978	-0.139974	0.487043
1180	-0.854734	-0.140006	0.485546
1190	-0.854734	-0.140006	0.485546
1190	-0.854734	-0.140006	0.485546
1190	-0.854734	-0.140006	0.485546
1190	-0.854734	-0.140006	0.485546
1190	-0.854702	-0.140022	0.485236
1200	-0.854702	-0.140022	0.485236
1200	-0.854702	-0.140022	0.485236
1200	-0.854702	-0.140022	0.485236
1200	-0.854702	-0.140022	0.485236
1200	-0.854343	-0.140169	0.48548
1210	-0.854343	-0.140169	0.48548
1210	-0.854343	-0.140169	0.48548
1210	-0.854343	-0.140169	0.48548
1210	-0.854343	-0.140169	0.48548
1210	-0.854067	-0.139095	0.484667
1220	-0.854067	-0.139095	0.484667
1220	-0.854067	-0.139095	0.484667
1220	-0.854067	-0.139095	0.484667
1220	-0.854067	-0.139095	0.484667
1220	-0.854099	-0.137451	0.484585
1230	-0.854099	-0.137451	0.484585
1230	-0.854099	-0.137451	0.484585
1230	-0.854099	-0.137451	0.484585
1230	-0.854099	-0.137451	0.484585
1230	-0.854279	-0.137874	0.484602
1240	-0.854279	-0.137874	0.484602
1240	-0.854279	-0.137874	0.484602
1240	-0.854279	-0.137874	0.484602
1240	-0.854279	-0.137874	0.484602
1240	-0.854002	-0.137353	0.484488
1250	-0.854002	-0.137353	0.484488
1250	-0.854002	-0.137353	0.484488
1250	-0.854002	-0.137353	0.484488
1250	-0.854002	-0.137353	0.484488
1250	-0.854181	-0.137581	0.48483
1260	-0.854181	-0.137581	0.48483
1260	-0.854181	-0.137581	0.48483
1260	-0.854181	-0.137581	0.48483
1260	-0.854181	-0.137581	0.48483
1260	-0.854311	-0.136767	0.485351
1270	-0.854311	-0.136767	0.485351
1270	-0.854311	-0.136767	0.485351
1270	-0.854311	-0.136767	0.485351
1270	-0.854311	-0.136767	0.485351
1270	-0.854409	-0.136653	0.48605
1280	-0.854409	-0.136653	0.48605
1280	-0.854409	-0.136653	0.48605
1280	-0.854409	-0.136653	0.48605
1280	-0.854409	-0.136653	0.48605
1280	-0.854393	-0.136263	0.48483
1290	-0.854393	-0.136263	0.48483
1290	-0.854393	-0.136263	0.48483
1290	-0.854393	-0.136263	0.48483
1290	-0.854393	-0.136263	0.48483
1290	-0.853823	-0.137353	0.48566
1300	-0.853823	-0.137353	0.48566
1300	-0.853823	-0.137353	0.48566
1300	-0.853823	-0.137353	0.48566
1300	-0.853823	-0.137353	0.48566
1300	-0.853807	-0.137337	0.485855
1310	-0.853807	-0.137337	0.485855
1310	-0.853807	-0.137337	0.485855
1310	-0.853807	-0.137337	0.485855
1310	-0.853807	-0.137337	0.485855
1310	-0.854149	-0.137565	0.486408
1320	-0.854149	-0.137565	0.486408
1320	-0.854149	-0.137565	0.486408
1320	-0.854149	-0.137565	0.486408
1320	-0.854149	-0.137565	0.486408
1320	-0.853937	-0.137418	0.485481
1330	-0.853937	-0.137418	0.485481
1330	-0.853937	-0.137418	0.485481
1330	-0.853937	-0.137418	0.485481
1330	-0.853937	-0.137418	0.485481
1330	-0.854067	-0.13763	0.486457
1340	-0.854067	-0.13763	0.486457
1340	-0.854067	-0.13763	0.486457
1340	-0.854067	-0.13763	0.486457
1340	-0.854067	-0.13763	0.486457
1340	-0.854018	-0.137256	0.485464
1350	-0.854018	-0.137256	0.485464
1350	-0.854018	-0.137256	0.485464
1350	-0.854018	-0.137256	0.485464
1350	-0.854018	-0.137256	0.485464
1350	-0.853742	-0.136979	0.485855
1360	-0.853742	-0.136979	0.485855
1360	-0.853742	-0.136979	0.485855
1360	-0.853742	-0.136979	0.485855
1360	-0.853742	-0.136979	0.485855
1360	-0.853937	-0.137532	0.485562
1370	-0.853937	-0.137532	0.485562
1370	-0.853937	-0.137532	0.485562
1370	-0.853937	-0.137532	0.485562
1370	-0.853937	-0.137532	0.485562
1370	-0.85493	-0.138427	0.485253
1380	-0.85493	-0.138427	0.485253
1380	-0.85493	-0.138427	0.485253
1380	-0.85493	-0.138427	0.485253
1380	-0.85493	-0.138427	0.485253
1380	-0.855988	-0.137744	0.485497
1390	-0.855988	-0.137744	0.485497
1390	-0.855988	-0.137744	0.485497
1390	-0.855988	-0.137744	0.485497
1390	-0.855988	-0.137744	0.485497
1390	-0.856167	-0.138004	0.485399
1400	-0.856167	-0.138004	0.485399
1400	-0.856167	-0.138004	0.485399
1400	-0.856167	-0.138004	0.485399
1400	-0.856167	-0.138004	0.485399
1400	-0.856167	-0.138314	0.485367
1410	-0.856167	-0.138314	0.485367
1410	-0.856167	-0.138314	0.485367
1410	-0.856167	-0.138314	0.485367
1410	-0.856167	-0.138314	0.485367
1410	-0.856395	-0.138102	0.484407
1420	-0.856395	-0.138102	0.484407
1420	-0.856395	-0.138102	0.484407
1420	-0.856395	-0.138102	0.484407
1420	-0.856395	-0.138102	0.484407
1420	-0.856444	-0.138362	0.484179
1430	-0.856444	-0.138362	0.484179
1430	-0.856444	-0.138362	0.484179
1430	-0.856444	-0.138362	0.484179
1430	-0.856444	-0.138362	0.484179
1430	-0.856069	-0.13833	0.484992
1440	-0.856069	-0.13833	0.484992
1440	-0.856069	-0.13833	0.484992
1440	-0.856069	-0.13833	0.484992
1440	-0.856069	-0.13833	0.484992
1440	-0.85703	-0.137842	0.485399
1450	-0.85703	-0.137842	0.485399
1450	-0.85703	-0.137842	0.485399
1450	-0.85703	-0.137842	0.485399
1450	-0.85703	-0.137842	0.485399
1450	-0.857322	-0.136767	0.485269
1460	-0.857322	-0.136767	0.485269
1460	-0.857322	-0.136767	0.485269
1460	-0.857322	-0.136767	0.485269
1460	-0.857322	-0.136767	0.485269
1460	-0.857176	-0.136995	0.484911
1470	-0.857176	-0.136995	0.484911
1470	-0.857176	-0.136995	0.484911
1470	-0.857176	-0.136995	0.484911
1470	-0.857176	-0.136995	0.484911
1470	-0.857143	-0.137158	0.486034
1480	-0.857143	-0.137158	0.486034
1480	-0.857143	-0.137158	0.486034
1480	-0.857143	-0.137158	0.486034
1480	-0.857143	-0.137158	0.486034
1480	-0.857257	-0.137597	0.48592
1490	-0.857257	-0.137597	0.48592
1490	-0.857257	-0.137597	0.48592
1490	-0.857257	-0.137597	0.48592
1490	-0.857257	-0.137597	0.48592
1490	-0.85716	-0.136963	0.486067
1500	-0.85716	-0.136963	0.486067
1500	-0.85716	-0.136963	0.486067
1500	-0.85716	-0.136963	0.486067
1500	-0.85716	-0.136963	0.486067
1500	-0.857339	-0.13706	0.485562
1510	-0.857339	-0.13706	0.485562
1510	-0.857339	-0.13706	0.485562
1510	-0.857339	-0.13706	0.485562
1510	-0.857339	-0.13706	0.485562
1510	-0.857453	-0.137728	0.48553
1520	-0.857453	-0.137728	0.48553
1520	-0.857453	-0.137728	0.48553
1520	-0.857453	-0.137728	0.48553
1520	-0.857453	-0.137728	0.48553
1520	-0.856395	-0.136572	0.485855
1530	-0.856395	-0.136572	0.485855
1530	-0.856395	-0.136572	0.485855
1530	-0.856395	-0.136572	0.485855
1530	-0.856395	-0.136572	0.485855
1530	-0.854962	-0.137451	0.485432
1540	-0.854962	-0.137451	0.485432
1540	-0.854962	-0.137451	0.485432
1540	-0.854962	-0.137451	0.485432
1540	-0.854962	-0.137451	0.485432
1540	-0.855646	-0.137679	0.485855
1550	-0.855646	-0.137679	0.485855
1550	-0.855646	-0.137679	0.485855
1550	-0.855646	-0.137679	0.485855
1550	-0.855646	-0.137679	0.485855
1550	-0.855613	-0.137695	0.484618
1560	-0.855613	-0.137695	0.484618
1560	-0.855613	-0.137695	0.484618
1560	-0.855613	-0.137695	0.484618
1560	-0.855613	-0.137695	0.484618
1560	-0.855369	-0.13763	0.485546
1570	-0.855369	-0.13763	0.485546
1570	-0.855369	-0.13763	0.485546
1570	-0.855369	-0.13763	0.485546
1570	-0.855369	-0.13763	0.485546
1570	-0.855581	-0.137565	0.48566
1580	-0.855581	-0.137565	0.48566
1580	-0.855581	-0.137565	0.48566
1580	-0.855581	-0.137565	0.48566
1580	-0.855581	-0.137565	0.48566
1580	-0.856915	-0.138069	0.485643
1590	-0.856915	-0.138069	0.485643
1590	-0.856915	-0.138069	0.485643
1590	-0.856915	-0.138069	0.485643
1590	-0.856915	-0.138069	0.485643
1590	-0.856622	-0.139062	0.484325
1600	-0.856622	-0.139062	0.484325
1600	-0.856622	-0.139062	0.484325
1600	-0.856622	-0.139062	0.484325
1600	-0.856622	-0.139062	0.484325
1600	-0.856753	-0.140234	0.484683
1610	-0.856753	-0.140234	0.484683
1610	-0.856753	-0.140234	0.484683
1610	-0.856753	-0.140234	0.484683
1610	-0.856753	-0.140234	0.484683
1610	-0.856981	-0.140267	0.485074
1620	-0.856981	-0.140267	0.485074
1620	-0.856981	-0.140267	0.485074
1620	-0.856981	-0.140267	0.485074
1620	-0.856981	-0.140267	0.485074
1620	-0.856997	-0.140218	0.484911
1630	-0.856997	-0.140218	0.484911
1630	-0.856997	-0.140218	0.484911
1630	-0.856997	-0.140218	0.484911
1630	-0.856997	-0.140218	0.484911
1630	-0.85672	-0.139681	0.484862
1640	-0.85672	-0.139681	0.484862
1640	-0.85672	-0.139681	0.484862
1640	-0.85672	-0.139681	0.484862
1640	-0.85672	-0.139681	0.484862
1640	-0.856818	-0.140462	0.485302
1650	-0.856818	-0.140462	0.485302
1650	-0.856818	-0.140462	0.485302
1650	-0.856818	-0.140462	0.485302
1650	-0.856818	-0.140462	0.485302
1650	-0.857225	-0.140804	0.485481
1660	-0.857225	-0.140804	0.485481
1660	-0.857225	-0.140804	0.485481
1660	-0.857225	-0.140804	0.485481
1660	-0.857225	-0.140804	0.485481
1660	-0.857078	-0.140674	0.486197
1670	-0.857078	-0.140674	0.486197
1670	-0.857078	-0.140674	0.486197
1670	-0.857078	-0.140674	0.486197
1670	-0.857078	-0.140674	0.486197
1670	-0.857127	-0.141536	0.485481
1680	-0.857127	-0.141536	0.485481
1680	-0.857127	-0.141536	0.485481
1680	-0.857127	-0.141536	0.485481
1680	-0.857127	-0.141536	0.485481
1680	-0.857469	-0.141194	0.486246
1690	-0.857469	-0.141194	0.486246
1690	-0.857469	-0.141194	0.486246
1690	-0.857469	-0.141194	0.486246
1690	-0.857469	-0.141194	0.486246
1690	-0.856883	-0.140853	0.486116
1700	-0.856883	-0.140853	0.486116
1700	-0.856883	-0.140853	0.486116
1700	-0.856883	-0.140853	0.486116
1700	-0.856883	-0.140853	0.486116
1700	-0.856932	-0.140787	0.487287
1710	-0.856932	-0.140787	0.487287
1710	-0.856932	-0.140787	0.487287
1710	-0.856932	-0.140787	0.487287
1710	-0.856932	-0.140787	0.487287
1710	-0.857485	-0.141829	0.486832
1720	-0.857485	-0.141829	0.486832
1720	-0.857485	-0.141829	0.486832
1720	-0.857485	-0.141829	0.486832
1720	-0.857485	-0.141829	0.486832
1720	-0.857258	-0.14178	0.486962
1730	-0.857258	-0.14178	0.486962
1730	-0.857258	-0.14178	0.486962
1730	-0.857258	-0.14178	0.486962
1730	-0.857258	-0.14178	0.486962
1730	-0.856037	-0.141927	0.48732
1740	-0.856037	-0.141927	0.48732
1740	-0.856037	-0.141927	0.48732
1740	-0.856037	-0.141927	0.48732
1740	-0.856037	-0.141927	0.48732
1740	-0.856037	-0.141048	0.488102
1750	-0.856037	-0.141048	0.488102
1750	-0.856037	-0.141048	0.488102
1750	-0.856037	-0.141048	0.488102
1750	-0.856037	-0.141048	0.488102
1750	-0.856005	-0.140104	0.48859
1760	-0.856005	-0.140104	0.48859
1760	-0.856005	-0.140104	0.48859
1760	-0.856005	-0.140104	0.48859
1760	-0.856005	-0.140104	0.48859
1760	-0.855809	-0.140234	0.488036
1770	-0.855809	-0.140234	0.488036
1770	-0.855809	-0.140234	0.488036
1770	-0.855809	-0.140234	0.488036
1770	-0.855809	-0.140234	0.488036
1770	-0.856151	-0.140136	0.488069
1780	-0.856151	-0.140136	0.488069
1780	-0.856151	-0.140136	0.488069
1780	-0.856151	-0.140136	0.488069
1780	-0.856151	-0.140136	0.488069
1780	-0.857502	-0.139941	0.487564
1790	-0.857502	-0.139941	0.487564
1790	-0.857502	-0.139941	0.487564
1790	-0.857502	-0.139941	0.487564
1790	-0.857502	-0.139941	0.487564
1790	-0.857306	-0.139192	0.487255
1800	-0.857306	-0.139192	0.487255
1800	-0.857306	-0.139192	0.487255
1800	-0.857306	-0.139192	0.487255
1800	-0.857306	-0.139192	0.487255
1800	-0.856802	-0.138802	0.48706
1810	-0.856802	-0.138802	0.48706
1810	-0.856802	-0.138802	0.48706
1810	-0.856802	-0.138802	0.48706
1810	-0.856802	-0.138802	0.48706
1810	-0.856704	-0.138118	0.486783
1820	-0.856704	-0.138118	0.486783
1820	-0.856704	-0.138118	0.486783
1820	-0.856704	-0.138118	0.486783
1820	-0.856704	-0.138118	0.486783
1820	-0.856574	-0.13763	0.487678
1830	-0.856574	-0.13763	0.487678
1830	-0.856574	-0.13763	0.487678
1830	-0.856574	-0.13763	0.487678
1830	-0.856574	-0.13763	0.487678
1830	-0.856574	-0.137304	0.487304
1840	-0.856574	-0.137304	0.487304
1840	-0.856574	-0.137304	0.487304
1840	-0.856574	-0.137304	0.487304
1840	-0.856574	-0.137304	0.487304
1840	-0.85672	-0.137288	0.487385
1850	-0.85672	-0.137288	0.487385
1850	-0.85672	-0.137288	0.487385
1850	-0.85672	-0.137288	0.487385
1850	-0.85672	-0.137288	0.487385
1850	-0.855906	-0.137109	0.48719
1860	-0.855906	-0.137109	0.48719
1860	-0.855906	-0.137109	0.48719
1860	-0.855906	-0.137109	0.48719
1860	-0.855906	-0.137109	0.48719
1860	-0.855678	-0.136279	0.487548
1870	-0.855678	-0.136279	0.487548
1870	-0.855678	-0.136279	0.487548
1870	-0.855678	-0.136279	0.487548
1870	-0.855678	-0.136279	0.487548
1870	-0.855792	-0.136393	0.486897
1880	-0.855792	-0.136393	0.486897
1880	-0.855792	-0.136393	0.486897
1880	-0.855792	-0.136393	0.486897
1880	-0.855792	-0.136393	0.486897
1880	-0.855955	-0.1361	0.486832
1890	-0.855955	-0.1361	0.486832
1890	-0.855955	-0.1361	0.486832
1890	-0.855955	-0.1361	0.486832
1890	-0.855955	-0.1361	0.486832
1890	-0.855939	-0.136295	0.486083
1900	-0.855939	-0.136295	0.486083
1900	-0.855939	-0.136295	0.486083
1900	-0.855939	-0.136295	0.486083
1900	-0.855939	-0.136295	0.486083
1900	-0.855792	-0.137483	0.484992
1910	-0.855792	-0.137483	0.484992
1910	-0.855792	-0.137483	0.484992
1910	-0.855792	-0.137483	0.484992
1910	-0.855792	-0.137483	0.484992
1910	-0.856411	-0.1375	0.484342
1920	-0.856411	-0.1375	0.484342
1920	-0.856411	-0.1375	0.484342
1920	-0.856411	-0.1375	0.484342
1920	-0.856411	-0.1375	0.484342
1920	-0.856314	-0.1375	0.484748
1930	-0.856314	-0.1375	0.484748
1930	-0.856314	-0.1375	0.484748
1930	-0.856314	-0.1375	0.484748
1930	-0.856314	-0.1375	0.484748
1930	-0.854946	-0.137646	0.485725
1940	-0.854946	-0.137646	0.485725
1940	-0.854946	-0.137646	0.485725
1940	-0.854946	-0.137646	0.485725
1940	-0.854946	-0.137646	0.485725
1940	-0.854816	-0.13846	0.486425
1950	-0.854816	-0.13846	0.486425
1950	-0.854816	-0.13846	0.486425
1950	-0.854816	-0.13846	0.486425
1950	-0.854816	-0.13846	0.486425
1950	-0.855337	-0.138639	0.486848
1960	-0.855337	-0.138639	0.486848
1960	-0.855337	-0.138639	0.486848
1960	-0.855337	-0.138639	0.486848
1960	-0.855337	-0.138639	0.486848
1960	-0.855174	-0.138997	0.48662
1970	-0.855174	-0.138997	0.48662
1970	-0.855174	-0.138997	0.48662
1970	-0.855174	-0.138997	0.48662
1970	-0.855174	-0.138997	0.48662
1970	-0.855223	-0.139551	0.486523
1980	-0.855223	-0.139551	0.486523
1980	-0.855223	-0.139551	0.486523
1980	-0.855223	-0.139551	0.486523
1980	-0.855223	-0.139551	0.486523
1980	-0.855158	-0.140348	0.486425
1990	-0.855158	-0.140348	0.486425
1990	-0.855158	-0.140348	0.486425
1990	-0.855158	-0.140348	0.486425
1990	-0.855158	-0.140348	0.486425
1990	-0.85519	-0.140543	0.485839
2000	-0.85519	-0.140543	0.485839
2000	-0.85519	-0.140543	0.485839
2000	-0.85519	-0.140543	0.485839
2000	-0.85519	-0.140543	0.485839
2000	-0.855972	-0.140315	0.485888
2010	-0.855972	-0.140315	0.485888
2010	-0.855972	-0.140315	0.485888
2010	-0.855972	-0.140315	0.485888
2010	-0.855972	-0.140315	0.485888
2010	-0.855809	-0.140071	0.484846
2020	-0.855809	-0.140071	0.484846
2020	-0.855809	-0.140071	0.484846
2020	-0.855809	-0.140071	0.484846
2020	-0.855809	-0.140071	0.484846
2020	-0.856053	-0.140299	0.485285
2030	-0.856053	-0.140299	0.485285
2030	-0.856053	-0.140299	0.485285
2030	-0.856053	-0.140299	0.485285
2030	-0.856053	-0.140299	0.485285
2030	-0.856655	-0.140625	0.484765
2040	-0.856655	-0.140625	0.484765
2040	-0.856655	-0.140625	0.484765
2040	-0.856655	-0.140625	0.484765
2040	-0.856655	-0.140625	0.484765
2040	-0.855923	-0.140283	0.486018
2050	-0.855923	-0.140283	0.486018
2050	-0.855923	-0.140283	0.486018
2050	-0.855923	-0.140283	0.486018
2050	-0.855923	-0.140283	0.486018
2050	-0.856932	-0.13973	0.486067
2060	-0.856932	-0.13973	0.486067
2060	-0.856932	-0.13973	0.486067
2060	-0.856932	-0.13973	0.486067
2060	-0.856932	-0.13973	0.486067
2060	-0.856476	-0.139388	0.486425
2070	-0.856476	-0.139388	0.486425
2070	-0.856476	-0.139388	0.486425
2070	-0.856476	-0.139388	0.486425
2070	-0.856476	-0.139388	0.486425
2070	-0.856216	-0.139599	0.485513
2080	-0.856216	-0.139599	0.485513
2080	-0.856216	-0.139599	0.485513
2080	-0.856216	-0.139599	0.485513
2080	-0.856216	-0.139599	0.485513
2080	-0.856655	-0.139778	0.484227
2090	-0.856655	-0.139778	0.484227
2090	-0.856655	-0.139778	0.484227
2090	-0.856655	-0.139778	0.484227
2090	-0.856655	-0.139778	0.484227
2090	-0.857029	-0.139843	0.482632
2100	-0.857029	-0.139843	0.482632
2100	-0.857029	-0.139843	0.482632
2100	-0.857029	-0.139843	0.482632
2100	-0.857029	-0.139843	0.482632
2100	-0.857062	-0.139306	0.482877
2110	-0.857062	-0.139306	0.482877
2110	-0.857062	-0.139306	0.482877
2110	-0.857062	-0.139306	0.482877
2110	-0.857062	-0.139306	0.482877
2110	-0.858267	-0.140446	0.4833
2120	-0.858267	-0.140446	0.4833
2120	-0.858267	-0.140446	0.4833
2120	-0.858267	-0.140446	0.4833
2120	-0.858267	-0.140446	0.4833
2120	-0.858218	-0.140853	0.482779
2130	-0.858218	-0.140853	0.482779
2130	-0.858218	-0.140853	0.482779
2130	-0.858218	-0.140853	0.482779
2130	-0.858218	-0.140853	0.482779
2130	-0.858088	-0.140185	0.4826
2140	-0.858088	-0.140185	0.4826
2140	-0.858088	-0.140185	0.4826
2140	-0.858088	-0.140185	0.4826
2140	-0.858088	-0.140185	0.4826
2140	-0.857909	-0.139974	0.482991
2150	-0.857909	-0.139974	0.482991
2150	-0.857909	-0.139974	0.482991
2150	-0.857909	-0.139974	0.482991
2150	-0.857909	-0.139974	0.482991
2150	-0.857388	-0.140039	0.482714
2160	-0.857388	-0.140039	0.482714
2160	-0.857388	-0.140039	0.482714
2160	-0.857388	-0.140039	0.482714
2160	-0.857388	-0.140039	0.482714
2160	-0.856672	-0.14025	0.483772
2170	-0.856672	-0.14025	0.483772
2170	-0.856672	-0.14025	0.483772
2170	-0.856672	-0.14025	0.483772
2170	-0.856672	-0.14025	0.483772
2170	-0.856037	-0.14012	0.484602
2180	-0.856037	-0.14012	0.484602
2180	-0.856037	-0.14012	0.484602
2180	-0.856037	-0.14012	0.484602
2180	-0.856037	-0.14012	0.484602
2180	-0.855483	-0.140218	0.484618
2190	-0.855483	-0.140218	0.484618
2190	-0.855483	-0.140218	0.484618
2190	-0.855483	-0.140218	0.484618
2190	-0.855483	-0.140218	0.484618
2190	-0.855825	-0.14056	0.484341
2200	-0.855825	-0.14056	0.484341
2200	-0.855825	-0.14056	0.484341
2200	-0.855825	-0.14056	0.484341
2200	-0.855825	-0.14056	0.484341
2200	-0.854246	-0.14139	0.484081
2210	-0.854246	-0.14139	0.484081
2210	-0.854246	-0.14139	0.484081
2210	-0.854246	-0.14139	0.484081
2210	-0.854246	-0.14139	0.484081
2210	-0.854035	-0.141699	0.483951
2220	-0.854035	-0.141699	0.483951
2220	-0.854035	-0.141699	0.483951
2220	-0.854035	-0.141699	0.483951
2220	-0.854035	-0.141699	0.483951
2220	-0.853921	-0.14152	0.484195
2230	-0.853921	-0.14152	0.484195
2230	-0.853921	-0.14152	0.484195
2230	-0.853921	-0.14152	0.484195
2230	-0.853921	-0.14152	0.484195
2230	-0.853497	-0.141569	0.485399
2240	-0.853497	-0.141569	0.485399
2240	-0.853497	-0.141569	0.485399
2240	-0.853497	-0.141569	0.485399
2240	-0.853497	-0.141569	0.485399
2240	-0.853286	-0.140787	0.486946
2250	-0.853286	-0.140787	0.486946
2250	-0.853286	-0.140787	0.486946
2250	-0.853286	-0.140787	0.486946
2250	-0.853286	-0.140787	0.486946
2250	-0.853188	-0.141292	0.485367
2260	-0.853188	-0.141292	0.485367
2260	-0.853188	-0.141292	0.485367
2260	-0.853188	-0.141292	0.485367
2260	-0.853188	-0.141292	0.485367
2260	-0.852456	-0.140022	0.485123
2270	-0.852456	-0.140022	0.485123
2270	-0.852456	-0.140022	0.485123
2270	-0.852456	-0.140022	0.485123
2270	-0.852456	-0.140022	0.485123
2270	-0.853498	-0.140576	0.486164
2280	-0.853498	-0.140576	0.486164
2280	-0.853498	-0.140576	0.486164
2280	-0.853498	-0.140576	0.486164
2280	-0.853498	-0.140576	0.486164
2280	-0.853872	-0.141194	0.485465
2290	-0.853872	-0.141194	0.485465
2290	-0.853872	-0.141194	0.485465
2290	-0.853872	-0.141194	0.485465
2290	-0.853872	-0.141194	0.485465
2290	-0.853677	-0.141308	0.485562
2300	-0.853677	-0.141308	0.485562
2300	-0.853677	-0.141308	0.485562
2300	-0.853677	-0.141308	0.485562
2300	-0.853677	-0.141308	0.485562
2300	-0.854051	-0.141829	0.485774
2310	-0.854051	-0.141829	0.485774
2310	-0.854051	-0.141829	0.485774
2310	-0.854051	-0.141829	0.485774
2310	-0.854051	-0.141829	0.485774
2310	-0.854539	-0.141683	0.485286
2320	-0.854539	-0.141683	0.485286
2320	-0.854539	-0.141683	0.485286
2320	-0.854539	-0.141683	0.485286
2320	-0.854539	-0.141683	0.485286
2320	-0.854784	-0.141422	0.484651
2330	-0.854784	-0.141422	0.484651
2330	-0.854784	-0.141422	0.484651
2330	-0.854784	-0.141422	0.484651
2330	-0.854784	-0.141422	0.484651
2330	-0.854832	-0.141032	0.484325
2340	-0.854832	-0.141032	0.484325
2340	-0.854832	-0.141032	0.484325
2340	-0.854832	-0.141032	0.484325
2340	-0.854832	-0.141032	0.484325
2340	-0.855304	-0.141113	0.484342
2350	-0.855304	-0.141113	0.484342
2350	-0.855304	-0.141113	0.484342
2350	-0.855304	-0.141113	0.484342
2350	-0.855304	-0.141113	0.484342
2350	-0.856069	-0.140234	0.485009
2360	-0.856069	-0.140234	0.485009
2360	-0.856069	-0.140234	0.485009
2360	-0.856069	-0.140234	0.485009
2360	-0.856069	-0.140234	0.485009
2360	-0.855923	-0.139681	0.485058
2370	-0.855923	-0.139681	0.485058
2370	-0.855923	-0.139681	0.485058
2370	-0.855923	-0.139681	0.485058
2370	-0.855923	-0.139681	0.485058
2370	-0.856444	-0.140055	0.485416
2380	-0.856444	-0.140055	0.485416
2380	-0.856444	-0.140055	0.485416
2380	-0.856444	-0.140055	0.485416
2380	-0.856444	-0.140055	0.485416
2380	-0.85659	-0.140185	0.484895
2390	-0.85659	-0.140185	0.484895
2390	-0.85659	-0.140185	0.484895
2390	-0.85659	-0.140185	0.484895
2390	-0.85659	-0.140185	0.484895
2390	-0.856785	-0.141927	0.484667
2400	-0.856785	-0.141927	0.484667
2400	-0.856785	-0.141927	0.484667
2400	-0.856785	-0.141927	0.484667
2400	-0.856785	-0.141927	0.484667
2400	-0.857209	-0.141943	0.484781
2410	-0.857209	-0.141943	0.484781
2410	-0.857209	-0.141943	0.484781
2410	-0.857209	-0.141943	0.484781
2410	-0.857209	-0.141943	0.484781
2410	-0.856704	-0.14261	0.48483
2420	-0.856704	-0.14261	0.48483
2420	-0.856704	-0.14261	0.48483
2420	-0.856704	-0.14261	0.48483
2420	-0.856704	-0.14261	0.48483
2420	-0.855613	-0.14178	0.483593
2430	-0.855613	-0.14178	0.483593
2430	-0.855613	-0.14178	0.483593
2430	-0.855613	-0.14178	0.483593
2430	-0.855613	-0.14178	0.483593
2430	-0.854718	-0.140413	0.484667
2440	-0.854718	-0.140413	0.484667
2440	-0.854718	-0.140413	0.484667
2440	-0.854718	-0.140413	0.484667
2440	-0.854718	-0.140413	0.484667
2440	-0.855174	-0.140185	0.48426
2450	-0.855174	-0.140185	0.48426
2450	-0.855174	-0.140185	0.48426
2450	-0.855174	-0.140185	0.48426
2450	-0.855174	-0.140185	0.48426
2450	-0.854816	-0.139518	0.484032
2460	-0.854816	-0.139518	0.484032
2460	-0.854816	-0.139518	0.484032
2460	-0.854816	-0.139518	0.484032
2460	-0.854816	-0.139518	0.484032
2460	-0.854702	-0.139681	0.484455
2470	-0.854702	-0.139681	0.484455
2470	-0.854702	-0.139681	0.484455
2470	-0.854702	-0.139681	0.484455
2470	-0.854702	-0.139681	0.484455
2470	-0.85493	-0.139876	0.484211
2480	-0.85493	-0.139876	0.484211
2480	-0.85493	-0.139876	0.484211
2480	-0.85493	-0.139876	0.484211
2480	-0.85493	-0.139876	0.484211
2480	-0.855288	-0.139957	0.484504
2490	-0.855288	-0.139957	0.484504
2490	-0.855288	-0.139957	0.484504
2490	-0.855288	-0.139957	0.484504
2490	-0.855288	-0.139957	0.484504
2490	-0.855402	-0.13973	0.484472
2500	-0.855402	-0.13973	0.484472
2500	-0.855402	-0.13973	0.484472
2500	-0.855402	-0.13973	0.484472
2500	-0.855402	-0.13973	0.484472
2500	-0.854947	-0.140169	0.484667
2510	-0.854947	-0.140169	0.484667
2510	-0.854947	-0.140169	0.484667
2510	-0.854947	-0.140169	0.484667
2510	-0.854947	-0.140169	0.484667
2510	-0.855419	-0.140446	0.484521
2520	-0.855419	-0.140446	0.484521
2520	-0.855419	-0.140446	0.484521
2520	-0.855419	-0.140446	0.484521
2520	-0.855419	-0.140446	0.484521
2520	-0.856444	-0.139925	0.484342
2530	-0.856444	-0.139925	0.484342
2530	-0.856444	-0.139925	0.484342
2530	-0.856444	-0.139925	0.484342
2530	-0.856444	-0.139925	0.484342
2530	-0.856607	-0.140088	0.483756
2540	-0.856607	-0.140088	0.483756
2540	-0.856607	-0.140088	0.483756
2540	-0.856607	-0.140088	0.483756
2540	-0.856607	-0.140088	0.483756
2540	-0.856639	-0.138525	0.483674
2550	-0.856639	-0.138525	0.483674
2550	-0.856639	-0.138525	0.483674
2550	-0.856639	-0.138525	0.483674
2550	-0.856639	-0.138525	0.483674
2550	-0.856379	-0.138265	0.48426
2560	-0.856379	-0.138265	0.48426
2560	-0.856379	-0.138265	0.48426
2560	-0.856379	-0.138265	0.48426
2560	-0.856379	-0.138265	0.48426
2560	-0.856639	-0.13789	0.484163
2570	-0.856639	-0.13789	0.484163
2570	-0.856639	-0.13789	0.484163
2570	-0.856639	-0.13789	0.484163
2570	-0.856639	-0.13789	0.484163
2570	-0.856135	-0.13763	0.484895
2580	-0.856135	-0.13763	0.484895
2580	-0.856135	-0.13763	0.484895
2580	-0.856135	-0.13763	0.484895
2580	-0.856135	-0.13763	0.484895
2580	-0.856655	-0.138704	0.484179
2590	-0.856655	-0.138704	0.484179
2590	-0.856655	-0.138704	0.484179
2590	-0.856655	-0.138704	0.484179
2590	-0.856655	-0.138704	0.484179
2590	-0.856297	-0.138867	0.483918
2600	-0.856297	-0.138867	0.483918
2600	-0.856297	-0.138867	0.483918
2600	-0.856297	-0.138867	0.483918
2600	-0.856297	-0.138867	0.483918
2600	-0.857095	-0.139274	0.484244
2610	-0.857095	-0.139274	0.484244
2610	-0.857095	-0.139274	0.484244
2610	-0.857095	-0.139274	0.484244
2610	-0.857095	-0.139274	0.484244
2610	-0.856737	-0.138346	0.483316
2620	-0.856737	-0.138346	0.483316
2620	-0.856737	-0.138346	0.483316
2620	-0.856737	-0.138346	0.483316
2620	-0.856737	-0.138346	0.483316
2620	-0.856346	-0.138509	0.483886
2630	-0.856346	-0.138509	0.483886
2630	-0.856346	-0.138509	0.483886
2630	-0.856346	-0.138509	0.483886
2630	-0.856346	-0.138509	0.483886
2630	-0.855646	-0.138021	0.483511
2640	-0.855646	-0.138021	0.483511
2640	-0.855646	-0.138021	0.483511
2640	-0.855646	-0.138021	0.483511
2640	-0.855646	-0.138021	0.483511
2640	-0.855418	-0.137939	0.483446
2650	-0.855418	-0.137939	0.483446
2650	-0.855418	-0.137939	0.483446
2650	-0.855418	-0.137939	0.483446
2650	-0.855418	-0.137939	0.483446
2650	-0.85685	-0.137483	0.482974
2660	-0.85685	-0.137483	0.482974
2660	-0.85685	-0.137483	0.482974
2660	-0.85685	-0.137483	0.482974
2660	-0.85685	-0.137483	0.482974
2660	-0.856493	-0.137679	0.482519
2670	-0.856493	-0.137679	0.482519
2670	-0.856493	-0.137679	0.482519
2670	-0.856493	-0.137679	0.482519
2670	-0.856493	-0.137679	0.482519
2670	-0.855597	-0.138151	0.482323
2680	-0.855597	-0.138151	0.482323
2680	-0.855597	-0.138151	0.482323
2680	-0.855597	-0.138151	0.482323
2680	-0.855597	-0.138151	0.482323
2680	-0.855923	-0.137532	0.48369
2690	-0.855923	-0.137532	0.48369
2690	-0.855923	-0.137532	0.48369
2690	-0.855923	-0.137532	0.48369
2690	-0.855923	-0.137532	0.48369
2690	-0.855614	-0.138151	0.48387
2700	-0.855614	-0.138151	0.48387
2700	-0.855614	-0.138151	0.48387
2700	-0.855614	-0.138151	0.48387
2700	-0.855614	-0.138151	0.48387
2700	-0.856704	-0.139274	0.483251
2710	-0.856704	-0.139274	0.483251
2710	-0.856704	-0.139274	0.483251
2710	-0.856704	-0.139274	0.483251
2710	-0.856704	-0.139274	0.483251
2710	-0.856362	-0.138314	0.483495
2720	-0.856362	-0.138314	0.483495
2720	-0.856362	-0.138314	0.483495
2720	-0.856362	-0.138314	0.483495
2720	-0.856362	-0.138314	0.483495
2720	-0.856818	-0.138541	0.482926
2730	-0.856818	-0.138541	0.482926
2730	-0.856818	-0.138541	0.482926
2730	-0.856818	-0.138541	0.482926
2730	-0.856818	-0.138541	0.482926
2730	-0.856704	-0.138509	0.484407
2740	-0.856704	-0.138509	0.484407
2740	-0.856704	-0.138509	0.484407
2740	-0.856704	-0.138509	0.484407
2740	-0.856704	-0.138509	0.484407
2740	-0.857339	-0.138476	0.484911
2750	-0.857339	-0.138476	0.484911
2750	-0.857339	-0.138476	0.484911
2750	-0.857339	-0.138476	0.484911
2750	-0.857339	-0.138476	0.484911
2750	-0.856753	-0.138379	0.485172
2760	-0.856753	-0.138379	0.485172
2760	-0.856753	-0.138379	0.485172
2760	-0.856753	-0.138379	0.485172
2760	-0.856753	-0.138379	0.485172
2760	-0.857225	-0.138379	0.486425
2770	-0.857225	-0.138379	0.486425
2770	-0.857225	-0.138379	0.486425
2770	-0.857225	-0.138379	0.486425
2770	-0.857225	-0.138379	0.486425
2770	-0.857518	-0.138265	0.485953
2780	-0.857518	-0.138265	0.485953
2780	-0.857518	-0.138265	0.485953
2780	-0.857518	-0.138265	0.485953
2780	-0.857518	-0.138265	0.485953
2780	-0.857957	-0.138444	0.486311
2790	-0.857957	-0.138444	0.486311
2790	-0.857957	-0.138444	0.486311
2790	-0.857957	-0.138444	0.486311
2790	-0.857957	-0.138444	0.486311
2790	-0.857729	-0.137809	0.487304
2800	-0.857729	-0.137809	0.487304
2800	-0.857729	-0.137809	0.487304
2800	-0.857729	-0.137809	0.487304
2800	-0.857729	-0.137809	0.487304
2800	-0.857029	-0.136946	0.487564
2810	-0.857029	-0.136946	0.487564
2810	-0.857029	-0.136946	0.487564
2810	-0.857029	-0.136946	0.487564
2810	-0.857029	-0.136946	0.487564
2810	-0.857485	-0.136735	0.488687
2820	-0.857485	-0.136735	0.488687
2820	-0.857485	-0.136735	0.488687
2820	-0.857485	-0.136735	0.488687
2820	-0.857485	-0.136735	0.488687
2820	-0.857306	-0.136718	0.489224
2830	-0.857306	-0.136718	0.489224
2830	-0.857306	-0.136718	0.489224
2830	-0.857306	-0.136718	0.489224
2830	-0.857306	-0.136718	0.489224
2830	-0.856964	-0.136686	0.489419
2840	-0.856964	-0.136686	0.489419
2840	-0.856964	-0.136686	0.489419
2840	-0.856964	-0.136686	0.489419
2840	-0.856964	-0.136686	0.489419
2840	-0.856916	-0.136539	0.488638
2850	-0.856916	-0.136539	0.488638
2850	-0.856916	-0.136539	0.488638
2850	-0.856916	-0.136539	0.488638
2850	-0.856916	-0.136539	0.488638
2850	-0.855402	-0.135595	0.489338
2860	-0.855402	-0.135595	0.489338
2860	-0.855402	-0.135595	0.489338
2860	-0.855402	-0.135595	0.489338
2860	-0.855402	-0.135595	0.489338
2860	-0.856167	-0.136832	0.489371
2870	-0.856167	-0.136832	0.489371
2870	-0.856167	-0.136832	0.489371
2870	-0.856167	-0.136832	0.489371
2870	-0.856167	-0.136832	0.489371
2870	-0.856086	-0.136849	0.490315
2880	-0.856086	-0.136849	0.490315
2880	-0.856086	-0.136849	0.490315
2880	-0.856086	-0.136849	0.490315
2880	-0.856086	-0.136849	0.490315
2880	-0.856314	-0.136784	0.489615
2890	-0.856314	-0.136784	0.489615
2890	-0.856314	-0.136784	0.489615
2890	-0.856314	-0.136784	0.489615
2890	-0.856314	-0.136784	0.489615
2890	-0.855223	-0.136995	0.489404
2900	-0.855223	-0.136995	0.489404
2900	-0.855223	-0.136995	0.489404
2900	-0.855223	-0.136995	0.489404
2900	-0.855223	-0.136995	0.489404
2900	-0.855435	-0.136767	0.488704
2910	-0.855435	-0.136767	0.488704
2910	-0.855435	-0.136767	0.488704
2910	-0.855435	-0.136767	0.488704
2910	-0.855435	-0.136767	0.488704
2910	-0.855419	-0.138769	0.488639
2920	-0.855419	-0.138769	0.488639
2920	-0.855419	-0.138769	0.488639
2920	-0.855419	-0.138769	0.488639
2920	-0.855419	-0.138769	0.488639
2920	-0.855516	-0.139046	0.489371
2930	-0.855516	-0.139046	0.489371
2930	-0.855516	-0.139046	0.489371
2930	-0.855516	-0.139046	0.489371
2930	-0.855516	-0.139046	0.489371
2930	-0.855467	-0.138916	0.489485
2940	-0.855467	-0.138916	0.489485
2940	-0.855467	-0.138916	0.489485
2940	-0.855467	-0.138916	0.489485
2940	-0.855467	-0.138916	0.489485
2940	-0.855093	-0.139632	0.488541
2950	-0.855093	-0.139632	0.488541
2950	-0.855093	-0.139632	0.488541
2950	-0.855093	-0.139632	0.488541
2950	-0.855093	-0.139632	0.488541
2950	-0.854702	-0.140527	0.488183
2960	-0.854702	-0.140527	0.488183
2960	-0.854702	-0.140527	0.488183
2960	-0.854702	-0.140527	0.488183
2960	-0.854702	-0.140527	0.488183
2960	-0.854247	-0.140641	0.488394
2970	-0.854247	-0.140641	0.488394
2970	-0.854247	-0.140641	0.488394
2970	-0.854247	-0.140641	0.488394
2970	-0.854247	-0.140641	0.488394
2970	-0.854263	-0.140234	0.488427
2980	-0.854263	-0.140234	0.488427
2980	-0.854263	-0.140234	0.488427
2980	-0.854263	-0.140234	0.488427
2980	-0.854263	-0.140234	0.488427
2980	-0.853888	-0.140495	0.487955
2990	-0.853888	-0.140495	0.487955
2990	-0.853888	-0.140495	0.487955
2990	-0.853888	-0.140495	0.487955
2990	-0.853888	-0.140495	0.487955
2990	-0.853986	-0.140462	0.488801
