20	-0.84473	-0.132813	0.469729
30	-0.850828	-0.135498	0.488768
40	-0.855712	-0.147217	0.472167
50	-0.858639	-0.138183	0.485349
60	-0.858639	-0.138183	0.485349
60	-0.858877	-0.13745	0.48559
60	-0.858877	-0.13745	0.48559
70	-0.858877	-0.13745	0.48559
70	-0.844479	-0.14038	0.487547
70	-0.844479	-0.14038	0.487547
80	-0.844479	-0.14038	0.487547
80	-0.854734	-0.135986	0.488036
80	-0.854734	-0.135986	0.488036
90	-0.854734	-0.135986	0.488036
90	-0.858153	-0.139404	0.472656
90	-0.858153	-0.139404	0.472656
90	-0.858153	-0.139404	0.472656
100	-0.858153	-0.139404	0.472656
100	-0.857418	-0.135497	0.471678
100	-0.857418	-0.135497	0.471678
100	-0.857418	-0.135497	0.471678
110	-0.857418	-0.135497	0.471678
110	-0.85986	-0.13623	0.484129
110	-0.85986	-0.13623	0.484129
110	-0.85986	-0.13623	0.484129
120	-0.85986	-0.13623	0.484129
120	-0.852294	-0.143066	0.488525
120	-0.852294	-0.143066	0.488525
120	-0.852294	-0.143066	0.488525
130	-0.852294	-0.143066	0.488525
130	-0.855466	-0.138427	0.490233
130	-0.855466	-0.138427	0.490233
130	-0.855466	-0.138427	0.490233
140	-0.855466	-0.138427	0.490233
140	-0.85156	-0.138916	0.492674
140	-0.85156	-0.138916	0.492674
140	-0.85156	-0.138916	0.492674
150	-0.85156	-0.138916	0.492674
150	-0.852536	-0.136474	0.479735
150	-0.852536	-0.136474	0.479735
150	-0.852536	-0.136474	0.479735
160	-0.852536	-0.136474	0.479735
160	-0.857419	-0.137695	0.484129
160	-0.857419	-0.137695	0.484129
160	-0.857419	-0.137695	0.484129
160	-0.857419	-0.137695	0.484129
170	-0.857419	-0.137695	0.484129
170	-0.855954	-0.154296	0.487059
170	-0.855954	-0.154296	0.487059
170	-0.855954	-0.154296	0.487059
170	-0.855954	-0.154296	0.487059
180	-0.855954	-0.154296	0.487059
180	-0.856931	-0.128662	0.486082
180	-0.856931	-0.128662	0.486082
180	-0.856931	-0.128662	0.486082
180	-0.856931	-0.128662	0.486082
190	-0.856931	-0.128662	0.486082
190	-0.850827	-0.142822	0.499266
190	-0.850827	-0.142822	0.499266
190	-0.850827	-0.142822	0.499266
190	-0.850827	-0.142822	0.499266
200	-0.850827	-0.142822	0.499266
200	-0.853024	-0.134765	0.48242
200	-0.853024	-0.134765	0.48242
200	-0.853024	-0.134765	0.48242
200	-0.853024	-0.134765	0.48242
210	-0.853024	-0.134765	0.48242
210	-0.856687	-0.137451	0.478026
210	-0.856687	-0.137451	0.478026
210	-0.856687	-0.137451	0.478026
210	-0.856687	-0.137451	0.478026
220	-0.856687	-0.137451	0.478026
220	-0.85327	-0.125732	0.492675
220	-0.85327	-0.125732	0.492675
220	-0.85327	-0.125732	0.492675
220	-0.85327	-0.125732	0.492675
230	-0.85327	-0.125732	0.492675
230	-0.854246	-0.138183	0.482421
230	-0.854246	-0.138183	0.482421
230	-0.854246	-0.138183	0.482421
230	-0.854246	-0.138183	0.482421
240	-0.854246	-0.138183	0.482421
240	-0.85742	-0.133545	0.489257
240	-0.85742	-0.133545	0.489257
240	-0.85742	-0.133545	0.489257
240	-0.85742	-0.133545	0.489257
250	-0.85742	-0.133545	0.489257
250	-0.854979	-0.142822	0.492431
250	-0.854979	-0.142822	0.492431
250	-0.854979	-0.142822	0.492431
250	-0.854979	-0.142822	0.492431
260	-0.854979	-0.142822	0.492431
260	-0.859374	-0.145019	0.488525
260	-0.859374	-0.145019	0.488525
260	-0.859374	-0.145019	0.488525
260	-0.859374	-0.145019	0.488525
270	-0.859374	-0.145019	0.488525
270	-0.858397	-0.147949	0.489257
270	-0.858397	-0.147949	0.489257
270	-0.858397	-0.147949	0.489257
270	-0.858397	-0.147949	0.489257
280	-0.858397	-0.147949	0.489257
280	-0.852294	-0.145019	0.477539
280	-0.852294	-0.145019	0.477539
280	-0.852294	-0.145019	0.477539
280	-0.852294	-0.145019	0.477539
290	-0.852294	-0.145019	0.477539
290	-0.853271	-0.135254	0.488525
290	-0.853271	-0.135254	0.488525
290	-0.853271	-0.135254	0.488525
290	-0.853271	-0.135254	0.488525
300	-0.853271	-0.135254	0.488525
300	-0.859127	-0.138915	0.490232
300	-0.859127	-0.138915	0.490232
300	-0.859127	-0.138915	0.490232
300	-0.859127	-0.138915	0.490232
310	-0.859127	-0.138915	0.490232
310	-0.845212	-0.133789	0.485106
310	-0.845212	-0.133789	0.485106
310	-0.845212	-0.133789	0.485106
310	-0.845212	-0.133789	0.485106
320	-0.845212	-0.133789	0.485106
320	-0.85571	-0.151611	0.48242
320	-0.85571	-0.151611	0.48242
320	-0.85571	-0.151611	0.48242
320	-0.85571	-0.151611	0.48242
330	-0.85571	-0.151611	0.48242
330	-0.855466	-0.138671	0.492674
330	-0.855466	-0.138671	0.492674
330	-0.855466	-0.138671	0.492674
330	-0.855466	-0.138671	0.492674
340	-0.855466	-0.138671	0.492674
340	-0.844235	-0.134521	0.482176
340	-0.844235	-0.134521	0.482176
340	-0.844235	-0.134521	0.482176
340	-0.844235	-0.134521	0.482176
350	-0.844235	-0.134521	0.482176
350	-0.850339	-0.140136	0.473631
350	-0.850339	-0.140136	0.473631
350	-0.850339	-0.140136	0.473631
350	-0.850339	-0.140136	0.473631
360	-0.850339	-0.140136	0.473631
360	-0.854489	-0.127685	0.495848
360	-0.854489	-0.127685	0.495848
360	-0.854489	-0.127685	0.495848
360	-0.854489	-0.127685	0.495848
370	-0.854489	-0.127685	0.495848
370	-0.852293	-0.140869	0.481688
370	-0.852293	-0.140869	0.481688
370	-0.852293	-0.140869	0.481688
370	-0.852293	-0.140869	0.481688
380	-0.852293	-0.140869	0.481688
380	-0.857664	-0.131836	0.491942
380	-0.857664	-0.131836	0.491942
380	-0.857664	-0.131836	0.491942
380	-0.857664	-0.131836	0.491942
390	-0.857664	-0.131836	0.491942
390	-0.857664	-0.125976	0.49121
390	-0.857664	-0.125976	0.49121
390	-0.857664	-0.125976	0.49121
390	-0.857664	-0.125976	0.49121
400	-0.857664	-0.125976	0.49121
400	-0.855223	-0.136474	0.489745
400	-0.855223	-0.136474	0.489745
400	-0.855223	-0.136474	0.489745
400	-0.855223	-0.136474	0.489745
410	-0.855223	-0.136474	0.489745
410	-0.851072	-0.148193	0.487304
410	-0.851072	-0.148193	0.487304
410	-0.851072	-0.148193	0.487304
410	-0.851072	-0.148193	0.487304
420	-0.851072	-0.148193	0.487304
420	-0.850585	-0.137695	0.47998
420	-0.850585	-0.137695	0.47998
420	-0.850585	-0.137695	0.47998
420	-0.850585	-0.137695	0.47998
430	-0.850585	-0.137695	0.47998
430	-0.861327	-0.138916	0.488769
430	-0.861327	-0.138916	0.488769
430	-0.861327	-0.138916	0.488769
430	-0.861327	-0.138916	0.488769
440	-0.861327	-0.138916	0.488769
440	-0.849608	-0.138916	0.48706
440	-0.849608	-0.138916	0.48706
440	-0.849608	-0.138916	0.48706
440	-0.849608	-0.138916	0.48706
450	-0.849608	-0.138916	0.48706
450	-0.856444	-0.14209	0.475097
450	-0.856444	-0.14209	0.475097
450	-0.856444	-0.14209	0.475097
450	-0.856444	-0.14209	0.475097
460	-0.856444	-0.14209	0.475097
460	-0.84985	-0.129394	0.488523
460	-0.84985	-0.129394	0.488523
460	-0.84985	-0.129394	0.488523
460	-0.84985	-0.129394	0.488523
470	-0.84985	-0.129394	0.488523
470	-0.857663	-0.13916	0.477049
470	-0.857663	-0.13916	0.477049
470	-0.857663	-0.13916	0.477049
470	-0.857663	-0.13916	0.477049
480	-0.857663	-0.13916	0.477049
480	-0.859616	-0.135986	0.472166
480	-0.859616	-0.135986	0.472166
480	-0.859616	-0.135986	0.472166
480	-0.859616	-0.135986	0.472166
490	-0.859616	-0.135986	0.472166
490	-0.853513	-0.13916	0.489989
490	-0.853513	-0.13916	0.489989
490	-0.853513	-0.13916	0.489989
490	-0.853513	-0.13916	0.489989
500	-0.853513	-0.13916	0.489989
500	-0.845212	-0.155517	0.486082
500	-0.845212	-0.155517	0.486082
500	-0.845212	-0.155517	0.486082
500	-0.845212	-0.155517	0.486082
510	-0.845212	-0.155517	0.486082
510	-0.843992	-0.149902	0.484862
510	-0.843992	-0.149902	0.484862
510	-0.843992	-0.149902	0.484862
510	-0.843992	-0.149902	0.484862
520	-0.843992	-0.149902	0.484862
520	-0.850096	-0.140381	0.488036
520	-0.850096	-0.140381	0.488036
520	-0.850096	-0.140381	0.488036
520	-0.850096	-0.140381	0.488036
530	-0.850096	-0.140381	0.488036
530	-0.861815	-0.13623	0.490966
530	-0.861815	-0.13623	0.490966
530	-0.861815	-0.13623	0.490966
530	-0.861815	-0.13623	0.490966
540	-0.861815	-0.13623	0.490966
540	-0.854734	-0.135498	0.469237
540	-0.854734	-0.135498	0.469237
540	-0.854734	-0.135498	0.469237
540	-0.854734	-0.135498	0.469237
550	-0.854734	-0.135498	0.469237
550	-0.854491	-0.131348	0.499511
550	-0.854491	-0.131348	0.499511
550	-0.854491	-0.131348	0.499511
550	-0.854491	-0.131348	0.499511
560	-0.854491	-0.131348	0.499511
560	-0.858642	-0.140381	0.486083
560	-0.858642	-0.140381	0.486083
560	-0.858642	-0.140381	0.486083
560	-0.858642	-0.140381	0.486083
570	-0.858642	-0.140381	0.486083
570	-0.851806	-0.133301	0.497314
570	-0.851806	-0.133301	0.497314
570	-0.851806	-0.133301	0.497314
570	-0.851806	-0.133301	0.497314
580	-0.851806	-0.133301	0.497314
580	-0.854491	-0.134765	0.469726
580	-0.854491	-0.134765	0.469726
580	-0.854491	-0.134765	0.469726
580	-0.854491	-0.134765	0.469726
590	-0.854491	-0.134765	0.469726
590	-0.850097	-0.138672	0.483886
590	-0.850097	-0.138672	0.483886
590	-0.850097	-0.138672	0.483886
590	-0.850097	-0.138672	0.483886
600	-0.850097	-0.138672	0.483886
600	-0.854489	-0.1333	0.491453
600	-0.854489	-0.1333	0.491453
600	-0.854489	-0.1333	0.491453
600	-0.854489	-0.1333	0.491453
610	-0.854489	-0.1333	0.491453
610	-0.857419	-0.137207	0.481688
610	-0.857419	-0.137207	0.481688
610	-0.857419	-0.137207	0.481688
610	-0.857419	-0.137207	0.481688
620	-0.857419	-0.137207	0.481688
620	-0.849607	-0.141845	0.487059
620	-0.849607	-0.141845	0.487059
620	-0.849607	-0.141845	0.487059
620	-0.849607	-0.141845	0.487059
630	-0.849607	-0.141845	0.487059
630	-0.858152	-0.137939	0.498046
630	-0.858152	-0.137939	0.498046
630	-0.858152	-0.137939	0.498046
630	-0.858152	-0.137939	0.498046
640	-0.858152	-0.137939	0.498046
640	-0.855955	-0.142578	0.479735
640	-0.855955	-0.142578	0.479735
640	-0.855955	-0.142578	0.479735
640	-0.855955	-0.142578	0.479735
650	-0.855955	-0.142578	0.479735
650	-0.856688	-0.14209	0.487304
650	-0.856688	-0.14209	0.487304
650	-0.856688	-0.14209	0.487304
650	-0.856688	-0.14209	0.487304
660	-0.856688	-0.14209	0.487304
660	-0.85327	-0.137451	0.484618
660	-0.85327	-0.137451	0.484618
660	-0.85327	-0.137451	0.484618
660	-0.85327	-0.137451	0.484618
670	-0.85327	-0.137451	0.484618
670	-0.857664	-0.140381	0.485106
670	-0.857664	-0.140381	0.485106
670	-0.857664	-0.140381	0.485106
670	-0.857664	-0.140381	0.485106
680	-0.857664	-0.140381	0.485106
680	-0.861083	-0.138428	0.48999
680	-0.861083	-0.138428	0.48999
680	-0.861083	-0.138428	0.48999
680	-0.861083	-0.138428	0.48999
690	-0.861083	-0.138428	0.48999
690	-0.871825	-0.141357	0.491943
690	-0.871825	-0.141357	0.491943
690	-0.871825	-0.141357	0.491943
690	-0.871825	-0.141357	0.491943
700	-0.871825	-0.141357	0.491943
700	-0.8562	-0.126221	0.494873
700	-0.8562	-0.126221	0.494873
700	-0.8562	-0.126221	0.494873
700	-0.8562	-0.126221	0.494873
710	-0.8562	-0.126221	0.494873
710	-0.856444	-0.140625	0.492187
710	-0.856444	-0.140625	0.492187
710	-0.856444	-0.140625	0.492187
710	-0.856444	-0.140625	0.492187
720	-0.856444	-0.140625	0.492187
720	-0.861815	-0.143066	0.48999
720	-0.861815	-0.143066	0.48999
720	-0.861815	-0.143066	0.48999
720	-0.861815	-0.143066	0.48999
730	-0.861815	-0.143066	0.48999
730	-0.860107	-0.136474	0.492919
730	-0.860107	-0.136474	0.492919
730	-0.860107	-0.136474	0.492919
730	-0.860107	-0.136474	0.492919
740	-0.860107	-0.136474	0.492919
740	-0.857665	-0.138672	0.478515
740	-0.857665	-0.138672	0.478515
740	-0.857665	-0.138672	0.478515
740	-0.857665	-0.138672	0.478515
750	-0.857665	-0.138672	0.478515
750	-0.84985	-0.128417	0.489012
750	-0.84985	-0.128417	0.489012
750	-0.84985	-0.128417	0.489012
750	-0.84985	-0.128417	0.489012
760	-0.84985	-0.128417	0.489012
760	-0.852538	-0.140625	0.481933
760	-0.852538	-0.140625	0.481933
760	-0.852538	-0.140625	0.481933
760	-0.852538	-0.140625	0.481933
770	-0.852538	-0.140625	0.481933
770	-0.86108	-0.1333	0.48535
770	-0.86108	-0.1333	0.48535
770	-0.86108	-0.1333	0.48535
770	-0.86108	-0.1333	0.48535
780	-0.86108	-0.1333	0.48535
780	-0.84985	-0.136962	0.491697
780	-0.84985	-0.136962	0.491697
780	-0.84985	-0.136962	0.491697
780	-0.84985	-0.136962	0.491697
790	-0.84985	-0.136962	0.491697
790	-0.851316	-0.138916	0.487791
790	-0.851316	-0.138916	0.487791
790	-0.851316	-0.138916	0.487791
790	-0.851316	-0.138916	0.487791
800	-0.851316	-0.138916	0.487791
800	-0.850583	-0.140136	0.485838
800	-0.850583	-0.140136	0.485838
800	-0.850583	-0.140136	0.485838
800	-0.850583	-0.140136	0.485838
810	-0.850583	-0.140136	0.485838
810	-0.84863	-0.136474	0.483885
810	-0.84863	-0.136474	0.483885
810	-0.84863	-0.136474	0.483885
810	-0.84863	-0.136474	0.483885
820	-0.84863	-0.136474	0.483885
820	-0.854978	-0.136962	0.479979
820	-0.854978	-0.136962	0.479979
820	-0.854978	-0.136962	0.479979
820	-0.854978	-0.136962	0.479979
830	-0.854978	-0.136962	0.479979
830	-0.853757	-0.154052	0.487303
830	-0.853757	-0.154052	0.487303
830	-0.853757	-0.154052	0.487303
830	-0.853757	-0.154052	0.487303
840	-0.853757	-0.154052	0.487303
840	-0.849852	-0.135498	0.488036
840	-0.849852	-0.135498	0.488036
840	-0.849852	-0.135498	0.488036
840	-0.849852	-0.135498	0.488036
850	-0.849852	-0.135498	0.488036
850	-0.853026	-0.127441	0.491454
850	-0.853026	-0.127441	0.491454
850	-0.853026	-0.127441	0.491454
850	-0.853026	-0.127441	0.491454
860	-0.853026	-0.127441	0.491454
860	-0.853026	-0.134521	0.484618
860	-0.853026	-0.134521	0.484618
860	-0.853026	-0.134521	0.484618
860	-0.853026	-0.134521	0.484618
870	-0.853026	-0.134521	0.484618
870	-0.849608	-0.143066	0.486327
870	-0.849608	-0.143066	0.486327
870	-0.849608	-0.143066	0.486327
870	-0.849608	-0.143066	0.486327
880	-0.849608	-0.143066	0.486327
880	-0.858642	-0.138916	0.478759
880	-0.858642	-0.138916	0.478759
880	-0.858642	-0.138916	0.478759
880	-0.858642	-0.138916	0.478759
890	-0.858642	-0.138916	0.478759
890	-0.854491	-0.140381	0.488525
890	-0.854491	-0.140381	0.488525
890	-0.854491	-0.140381	0.488525
890	-0.854491	-0.140381	0.488525
900	-0.854491	-0.140381	0.488525
900	-0.853759	-0.136474	0.484863
900	-0.853759	-0.136474	0.484863
900	-0.853759	-0.136474	0.484863
900	-0.853759	-0.136474	0.484863
910	-0.853759	-0.136474	0.484863
910	-0.857177	-0.131836	0.49121
910	-0.857177	-0.131836	0.49121
910	-0.857177	-0.131836	0.49121
910	-0.857177	-0.131836	0.49121
920	-0.857177	-0.131836	0.49121
920	-0.854489	-0.132568	0.491697
920	-0.854489	-0.132568	0.491697
920	-0.854489	-0.132568	0.491697
920	-0.854489	-0.132568	0.491697
930	-0.854489	-0.132568	0.491697
930	-0.853756	-0.15454	0.493162
930	-0.853756	-0.15454	0.493162
930	-0.853756	-0.15454	0.493162
930	-0.853756	-0.15454	0.493162
940	-0.853756	-0.15454	0.493162
940	-0.857419	-0.155029	0.488524
940	-0.857419	-0.155029	0.488524
940	-0.857419	-0.155029	0.488524
940	-0.857419	-0.155029	0.488524
950	-0.857419	-0.155029	0.488524
950	-0.848874	-0.144531	0.481932
950	-0.848874	-0.144531	0.481932
950	-0.848874	-0.144531	0.481932
950	-0.848874	-0.144531	0.481932
960	-0.848874	-0.144531	0.481932
960	-0.860837	-0.149902	0.484618
960	-0.860837	-0.149902	0.484618
960	-0.860837	-0.149902	0.484618
960	-0.860837	-0.149902	0.484618
970	-0.860837	-0.149902	0.484618
970	-0.849608	-0.142334	0.491942
970	-0.849608	-0.142334	0.491942
970	-0.849608	-0.142334	0.491942
970	-0.849608	-0.142334	0.491942
980	-0.849608	-0.142334	0.491942
980	-0.854002	-0.137451	0.488769
980	-0.854002	-0.137451	0.488769
980	-0.854002	-0.137451	0.488769
980	-0.854002	-0.137451	0.488769
990	-0.854002	-0.137451	0.488769
990	-0.854735	-0.13916	0.489501
990	-0.854735	-0.13916	0.489501
990	-0.854735	-0.13916	0.489501
990	-0.854735	-0.13916	0.489501
1000	-0.854735	-0.13916	0.489501
1000	-0.856444	-0.132812	0.48828
1000	-0.856444	-0.132812	0.48828
1000	-0.856444	-0.132812	0.48828
1000	-0.856444	-0.132812	0.48828
1010	-0.856444	-0.132812	0.48828
1010	-0.857176	-0.146484	0.497069
1010	-0.857176	-0.146484	0.497069
1010	-0.857176	-0.146484	0.497069
1010	-0.857176	-0.146484	0.497069
1020	-0.857176	-0.146484	0.497069
1020	-0.855223	-0.140625	0.497802
1020	-0.855223	-0.140625	0.497802
1020	-0.855223	-0.140625	0.497802
1020	-0.855223	-0.140625	0.497802
1030	-0.855223	-0.140625	0.497802
1030	-0.856199	-0.135498	0.492431
1030	-0.856199	-0.135498	0.492431
1030	-0.856199	-0.135498	0.492431
1030	-0.856199	-0.135498	0.492431
1040	-0.856199	-0.135498	0.492431
1040	-0.858641	-0.141845	0.497802
1040	-0.858641	-0.141845	0.497802
1040	-0.858641	-0.141845	0.497802
1040	-0.858641	-0.141845	0.497802
1050	-0.858641	-0.141845	0.497802
1050	-0.855712	-0.13916	0.481201
1050	-0.855712	-0.13916	0.481201
1050	-0.855712	-0.13916	0.481201
1050	-0.855712	-0.13916	0.481201
1060	-0.855712	-0.13916	0.481201
1060	-0.857908	-0.142334	0.495604
1060	-0.857908	-0.142334	0.495604
1060	-0.857908	-0.142334	0.495604
1060	-0.857908	-0.142334	0.495604
1070	-0.857908	-0.142334	0.495604
1070	-0.856444	-0.153808	0.490722
1070	-0.856444	-0.153808	0.490722
1070	-0.856444	-0.153808	0.490722
1070	-0.856444	-0.153808	0.490722
1080	-0.856444	-0.153808	0.490722
1080	-0.854488	-0.135497	0.480955
1080	-0.854488	-0.135497	0.480955
1080	-0.854488	-0.135497	0.480955
1080	-0.854488	-0.135497	0.480955
1090	-0.854488	-0.135497	0.480955
1090	-0.857174	-0.144287	0.487059
1090	-0.857174	-0.144287	0.487059
1090	-0.857174	-0.144287	0.487059
1090	-0.857174	-0.144287	0.487059
1100	-0.857174	-0.144287	0.487059
1100	-0.85449	-0.135498	0.484862
1100	-0.85449	-0.135498	0.484862
1100	-0.85449	-0.135498	0.484862
1100	-0.85449	-0.135498	0.484862
1110	-0.85449	-0.135498	0.484862
1110	-0.851072	-0.15332	0.488768
1110	-0.851072	-0.15332	0.488768
1110	-0.851072	-0.15332	0.488768
1110	-0.851072	-0.15332	0.488768
1120	-0.851072	-0.15332	0.488768
1120	-0.853025	-0.134033	0.479002
1120	-0.853025	-0.134033	0.479002
1120	-0.853025	-0.134033	0.479002
1120	-0.853025	-0.134033	0.479002
1130	-0.853025	-0.134033	0.479002
1130	-0.856199	-0.14038	0.494872
1130	-0.856199	-0.14038	0.494872
1130	-0.856199	-0.14038	0.494872
1130	-0.856199	-0.14038	0.494872
1140	-0.856199	-0.14038	0.494872
1140	-0.855467	-0.127197	0.471923
1140	-0.855467	-0.127197	0.471923
1140	-0.855467	-0.127197	0.471923
1140	-0.855467	-0.127197	0.471923
1150	-0.855467	-0.127197	0.471923
1150	-0.852537	-0.14331	0.485106
1150	-0.852537	-0.14331	0.485106
1150	-0.852537	-0.14331	0.485106
1150	-0.852537	-0.14331	0.485106
1160	-0.852537	-0.14331	0.485106
1160	-0.849119	-0.133301	0.490233
1160	-0.849119	-0.133301	0.490233
1160	-0.849119	-0.133301	0.490233
1160	-0.849119	-0.133301	0.490233
1170	-0.849119	-0.133301	0.490233
1170	-0.856199	-0.140136	0.485106
1170	-0.856199	-0.140136	0.485106
1170	-0.856199	-0.140136	0.485106
1170	-0.856199	-0.140136	0.485106
1180	-0.856199	-0.140136	0.485106
1180	-0.852537	-0.135986	0.46997
1180	-0.852537	-0.135986	0.46997
1180	-0.852537	-0.135986	0.46997
1180	-0.852537	-0.135986	0.46997
1190	-0.852537	-0.135986	0.46997
1190	-0.858153	-0.14209	0.493163
1190	-0.858153	-0.14209	0.493163
1190	-0.858153	-0.14209	0.493163
1190	-0.858153	-0.14209	0.493163
1200	-0.858153	-0.14209	0.493163
1200	-0.85034	-0.141357	0.484862
1200	-0.85034	-0.141357	0.484862
1200	-0.85034	-0.141357	0.484862
1200	-0.85034	-0.141357	0.484862
1210	-0.85034	-0.141357	0.484862
1210	-0.853759	-0.126221	0.483398
1210	-0.853759	-0.126221	0.483398
1210	-0.853759	-0.126221	0.483398
1210	-0.853759	-0.126221	0.483398
1220	-0.853759	-0.126221	0.483398
1220	-0.856933	-0.12915	0.489501
1220	-0.856933	-0.12915	0.489501
1220	-0.856933	-0.12915	0.489501
1220	-0.856933	-0.12915	0.489501
1230	-0.856933	-0.12915	0.489501
1230	-0.857177	-0.141846	0.481201
1230	-0.857177	-0.141846	0.481201
1230	-0.857177	-0.141846	0.481201
1230	-0.857177	-0.141846	0.481201
1240	-0.857177	-0.141846	0.481201
1240	-0.853026	-0.136474	0.485351
1240	-0.853026	-0.136474	0.485351
1240	-0.853026	-0.136474	0.485351
1240	-0.853026	-0.136474	0.485351
1250	-0.853026	-0.136474	0.485351
1250	-0.857177	-0.138916	0.48999
1250	-0.857177	-0.138916	0.48999
1250	-0.857177	-0.138916	0.48999
1250	-0.857177	-0.138916	0.48999
1260	-0.857177	-0.138916	0.48999
1260	-0.853024	-0.141113	0.49658
1260	-0.853024	-0.141113	0.49658
1260	-0.853024	-0.141113	0.49658
1260	-0.853024	-0.141113	0.49658
1270	-0.853024	-0.141113	0.49658
1270	-0.85449	-0.132324	0.4895
1270	-0.85449	-0.132324	0.4895
1270	-0.85449	-0.132324	0.4895
1270	-0.85449	-0.132324	0.4895
1280	-0.85449	-0.132324	0.4895
1280	-0.855954	-0.134521	0.476561
1280	-0.855954	-0.134521	0.476561
1280	-0.855954	-0.134521	0.476561
1280	-0.855954	-0.134521	0.476561
1290	-0.855954	-0.134521	0.476561
1290	-0.846921	-0.143554	0.484374
1290	-0.846921	-0.143554	0.484374
1290	-0.846921	-0.143554	0.484374
1290	-0.846921	-0.143554	0.484374
1300	-0.846921	-0.143554	0.484374
1300	-0.852292	-0.143066	0.488036
1300	-0.852292	-0.143066	0.488036
1300	-0.852292	-0.143066	0.488036
1300	-0.852292	-0.143066	0.488036
1310	-0.852292	-0.143066	0.488036
1310	-0.854246	-0.136718	0.498534
1310	-0.854246	-0.136718	0.498534
1310	-0.854246	-0.136718	0.498534
1310	-0.854246	-0.136718	0.498534
1320	-0.854246	-0.136718	0.498534
1320	-0.853026	-0.137939	0.47119
1320	-0.853026	-0.137939	0.47119
1320	-0.853026	-0.137939	0.47119
1320	-0.853026	-0.137939	0.47119
1330	-0.853026	-0.137939	0.47119
1330	-0.85449	-0.13916	0.484618
1330	-0.85449	-0.13916	0.484618
1330	-0.85449	-0.13916	0.484618
1330	-0.85449	-0.13916	0.484618
1340	-0.85449	-0.13916	0.484618
1340	-0.85742	-0.136474	0.478271
1340	-0.85742	-0.136474	0.478271
1340	-0.85742	-0.136474	0.478271
1340	-0.85742	-0.136474	0.478271
1350	-0.85742	-0.136474	0.478271
1350	-0.84619	-0.137207	0.490722
1350	-0.84619	-0.137207	0.490722
1350	-0.84619	-0.137207	0.490722
1350	-0.84619	-0.137207	0.490722
1360	-0.84619	-0.137207	0.490722
1360	-0.856689	-0.134521	0.479003
1360	-0.856689	-0.134521	0.479003
1360	-0.856689	-0.134521	0.479003
1360	-0.856689	-0.134521	0.479003
1370	-0.856689	-0.134521	0.479003
1370	-0.871825	-0.142578	0.484863
1370	-0.871825	-0.142578	0.484863
1370	-0.871825	-0.142578	0.484863
1370	-0.871825	-0.142578	0.484863
1380	-0.871825	-0.142578	0.484863
1380	-0.873046	-0.131592	0.484863
1380	-0.873046	-0.131592	0.484863
1380	-0.873046	-0.131592	0.484863
1380	-0.873046	-0.131592	0.484863
1390	-0.873046	-0.131592	0.484863
1390	-0.855712	-0.140381	0.483886
1390	-0.855712	-0.140381	0.483886
1390	-0.855712	-0.140381	0.483886
1390	-0.855712	-0.140381	0.483886
1400	-0.855712	-0.140381	0.483886
1400	-0.857177	-0.143555	0.489501
1400	-0.857177	-0.143555	0.489501
1400	-0.857177	-0.143555	0.489501
1400	-0.857177	-0.143555	0.489501
1410	-0.857177	-0.143555	0.489501
1410	-0.856442	-0.137939	0.482176
1410	-0.856442	-0.137939	0.482176
1410	-0.856442	-0.137939	0.482176
1410	-0.856442	-0.137939	0.482176
1420	-0.856442	-0.137939	0.482176
1420	-0.855222	-0.13623	0.486083
1420	-0.855222	-0.13623	0.486083
1420	-0.855222	-0.13623	0.486083
1420	-0.855222	-0.13623	0.486083
1430	-0.855222	-0.13623	0.486083
1430	-0.850339	-0.134033	0.488768
1430	-0.850339	-0.134033	0.488768
1430	-0.850339	-0.134033	0.488768
1430	-0.850339	-0.134033	0.488768
1440	-0.850339	-0.134033	0.488768
1440	-0.861326	-0.13623	0.490477
1440	-0.861326	-0.13623	0.490477
1440	-0.861326	-0.13623	0.490477
1440	-0.861326	-0.13623	0.490477
1450	-0.861326	-0.13623	0.490477
1450	-0.856687	-0.126953	0.486083
1450	-0.856687	-0.126953	0.486083
1450	-0.856687	-0.126953	0.486083
1450	-0.856687	-0.126953	0.486083
1460	-0.856687	-0.126953	0.486083
1460	-0.852048	-0.140136	0.493163
1460	-0.852048	-0.140136	0.493163
1460	-0.852048	-0.140136	0.493163
1460	-0.852048	-0.140136	0.493163
1470	-0.852048	-0.140136	0.493163
1470	-0.852537	-0.14038	0.488036
1470	-0.852537	-0.14038	0.488036
1470	-0.852537	-0.14038	0.488036
1470	-0.852537	-0.14038	0.488036
1480	-0.852537	-0.14038	0.488036
1480	-0.8562	-0.145752	0.482909
1480	-0.8562	-0.145752	0.482909
1480	-0.8562	-0.145752	0.482909
1480	-0.8562	-0.145752	0.482909
1490	-0.8562	-0.145752	0.482909
1490	-0.855955	-0.126953	0.480468
1490	-0.855955	-0.126953	0.480468
1490	-0.855955	-0.126953	0.480468
1490	-0.855955	-0.126953	0.480468
1500	-0.855955	-0.126953	0.480468
1500	-0.848875	-0.138672	0.483153
1500	-0.848875	-0.138672	0.483153
1500	-0.848875	-0.138672	0.483153
1500	-0.848875	-0.138672	0.483153
1510	-0.848875	-0.138672	0.483153
1510	-0.858397	-0.144531	0.478515
1510	-0.858397	-0.144531	0.478515
1510	-0.858397	-0.144531	0.478515
1510	-0.858397	-0.144531	0.478515
1520	-0.858397	-0.144531	0.478515
1520	-0.855956	-0.125244	0.489746
1520	-0.855956	-0.125244	0.489746
1520	-0.855956	-0.125244	0.489746
1520	-0.855956	-0.125244	0.489746
1530	-0.855956	-0.125244	0.489746
1530	-0.851562	-0.144775	0.478515
1530	-0.851562	-0.144775	0.478515
1530	-0.851562	-0.144775	0.478515
1530	-0.851562	-0.144775	0.478515
1540	-0.851562	-0.144775	0.478515
1540	-0.865966	-0.143799	0.490234
1540	-0.865966	-0.143799	0.490234
1540	-0.865966	-0.143799	0.490234
1540	-0.865966	-0.143799	0.490234
1550	-0.865966	-0.143799	0.490234
1550	-0.856689	-0.143799	0.470947
1550	-0.856689	-0.143799	0.470947
1550	-0.856689	-0.143799	0.470947
1550	-0.856689	-0.143799	0.470947
1560	-0.856689	-0.143799	0.470947
1560	-0.85278	-0.136962	0.496092
1560	-0.85278	-0.136962	0.496092
1560	-0.85278	-0.136962	0.496092
1560	-0.85278	-0.136962	0.496092
1570	-0.85278	-0.136962	0.496092
1570	-0.858395	-0.135253	0.487791
1570	-0.858395	-0.135253	0.487791
1570	-0.858395	-0.135253	0.487791
1570	-0.858395	-0.135253	0.487791
1580	-0.858395	-0.135253	0.487791
1580	-0.870359	-0.141601	0.488524
1580	-0.870359	-0.141601	0.488524
1580	-0.870359	-0.141601	0.488524
1580	-0.870359	-0.141601	0.488524
1590	-0.870359	-0.141601	0.488524
1590	-0.856931	-0.151123	0.470702
1590	-0.856931	-0.151123	0.470702
1590	-0.856931	-0.151123	0.470702
1590	-0.856931	-0.151123	0.470702
1600	-0.856931	-0.151123	0.470702
1600	-0.85864	-0.144531	0.491454
1600	-0.85864	-0.144531	0.491454
1600	-0.85864	-0.144531	0.491454
1600	-0.85864	-0.144531	0.491454
1610	-0.85864	-0.144531	0.491454
1610	-0.855467	-0.140625	0.499022
1610	-0.855467	-0.140625	0.499022
1610	-0.855467	-0.140625	0.499022
1610	-0.855467	-0.140625	0.499022
1620	-0.855467	-0.140625	0.499022
1620	-0.852782	-0.139648	0.485595
1620	-0.852782	-0.139648	0.485595
1620	-0.852782	-0.139648	0.485595
1620	-0.852782	-0.139648	0.485595
1630	-0.852782	-0.139648	0.485595
1630	-0.852049	-0.137695	0.482177
1630	-0.852049	-0.137695	0.482177
1630	-0.852049	-0.137695	0.482177
1630	-0.852049	-0.137695	0.482177
1640	-0.852049	-0.137695	0.482177
1640	-0.85742	-0.138672	0.48706
1640	-0.85742	-0.138672	0.48706
1640	-0.85742	-0.138672	0.48706
1640	-0.85742	-0.138672	0.48706
1650	-0.85742	-0.138672	0.48706
1650	-0.854979	-0.143799	0.485839
1650	-0.854979	-0.143799	0.485839
1650	-0.854979	-0.143799	0.485839
1650	-0.854979	-0.143799	0.485839
1660	-0.854979	-0.143799	0.485839
1660	-0.8562	-0.142578	0.489257
1660	-0.8562	-0.142578	0.489257
1660	-0.8562	-0.142578	0.489257
1660	-0.8562	-0.142578	0.489257
1670	-0.8562	-0.142578	0.489257
1670	-0.856689	-0.138183	0.479003
1670	-0.856689	-0.138183	0.479003
1670	-0.856689	-0.138183	0.479003
1670	-0.856689	-0.138183	0.479003
1680	-0.856689	-0.138183	0.479003
1680	-0.856689	-0.139648	0.48999
1680	-0.856689	-0.139648	0.48999
1680	-0.856689	-0.139648	0.48999
1680	-0.856689	-0.139648	0.48999
1690	-0.856689	-0.139648	0.48999
1690	-0.857177	-0.138672	0.488281
1690	-0.857177	-0.138672	0.488281
1690	-0.857177	-0.138672	0.488281
1690	-0.857177	-0.138672	0.488281
1700	-0.857177	-0.138672	0.488281
1700	-0.857421	-0.142822	0.488525
1700	-0.857421	-0.142822	0.488525
1700	-0.857421	-0.142822	0.488525
1700	-0.857421	-0.142822	0.488525
1710	-0.857421	-0.142822	0.488525
1710	-0.861083	-0.152588	0.489257
1710	-0.861083	-0.152588	0.489257
1710	-0.861083	-0.152588	0.489257
1710	-0.861083	-0.152588	0.489257
1720	-0.861083	-0.152588	0.489257
1720	-0.85498	-0.134521	0.489746
1720	-0.85498	-0.134521	0.489746
1720	-0.85498	-0.134521	0.489746
1720	-0.85498	-0.134521	0.489746
1730	-0.85498	-0.134521	0.489746
1730	-0.85205	-0.143799	0.493896
1730	-0.85205	-0.143799	0.493896
1730	-0.85205	-0.143799	0.493896
1730	-0.85205	-0.143799	0.493896
1740	-0.85205	-0.143799	0.493896
1740	-0.856933	-0.137939	0.482421
1740	-0.856933	-0.137939	0.482421
1740	-0.856933	-0.137939	0.482421
1740	-0.856933	-0.137939	0.482421
1750	-0.856933	-0.137939	0.482421
1750	-0.858151	-0.130371	0.498777
1750	-0.858151	-0.130371	0.498777
1750	-0.858151	-0.130371	0.498777
1750	-0.858151	-0.130371	0.498777
1760	-0.858151	-0.130371	0.498777
1760	-0.852536	-0.142578	0.490721
1760	-0.852536	-0.142578	0.490721
1760	-0.852536	-0.142578	0.490721
1760	-0.852536	-0.142578	0.490721
1770	-0.852536	-0.142578	0.490721
1770	-0.857908	-0.138183	0.486083
1770	-0.857908	-0.138183	0.486083
1770	-0.857908	-0.138183	0.486083
1770	-0.857908	-0.138183	0.486083
1780	-0.857908	-0.138183	0.486083
1780	-0.872312	-0.134765	0.474608
1780	-0.872312	-0.134765	0.474608
1780	-0.872312	-0.134765	0.474608
1780	-0.872312	-0.134765	0.474608
1790	-0.872312	-0.134765	0.474608
1790	-0.85449	-0.127441	0.482421
1790	-0.85449	-0.127441	0.482421
1790	-0.85449	-0.127441	0.482421
1790	-0.85449	-0.127441	0.482421
1800	-0.85449	-0.127441	0.482421
1800	-0.84741	-0.137939	0.482909
1800	-0.84741	-0.137939	0.482909
1800	-0.84741	-0.137939	0.482909
1800	-0.84741	-0.137939	0.482909
1810	-0.84741	-0.137939	0.482909
1810	-0.854734	-0.132324	0.485106
1810	-0.854734	-0.132324	0.485106
1810	-0.854734	-0.132324	0.485106
1810	-0.854734	-0.132324	0.485106
1820	-0.854734	-0.132324	0.485106
1820	-0.854735	-0.130859	0.492431
1820	-0.854735	-0.130859	0.492431
1820	-0.854735	-0.130859	0.492431
1820	-0.854735	-0.130859	0.492431
1830	-0.854735	-0.130859	0.492431
1830	-0.856688	-0.134765	0.484374
1830	-0.856688	-0.134765	0.484374
1830	-0.856688	-0.134765	0.484374
1830	-0.856688	-0.134765	0.484374
1840	-0.856688	-0.134765	0.484374
1840	-0.859373	-0.138427	0.489501
1840	-0.859373	-0.138427	0.489501
1840	-0.859373	-0.138427	0.489501
1840	-0.859373	-0.138427	0.489501
1850	-0.859373	-0.138427	0.489501
1850	-0.845213	-0.140136	0.485595
1850	-0.845213	-0.140136	0.485595
1850	-0.845213	-0.140136	0.485595
1850	-0.845213	-0.140136	0.485595
1860	-0.845213	-0.140136	0.485595
1860	-0.857664	-0.140136	0.494628
1860	-0.857664	-0.140136	0.494628
1860	-0.857664	-0.140136	0.494628
1860	-0.857664	-0.140136	0.494628
1870	-0.857664	-0.140136	0.494628
1870	-0.856688	-0.13623	0.47998
1870	-0.856688	-0.13623	0.47998
1870	-0.856688	-0.13623	0.47998
1870	-0.856688	-0.13623	0.47998
1880	-0.856688	-0.13623	0.47998
1880	-0.854491	-0.139404	0.492919
1880	-0.854491	-0.139404	0.492919
1880	-0.854491	-0.139404	0.492919
1880	-0.854491	-0.139404	0.492919
1890	-0.854491	-0.139404	0.492919
1890	-0.856689	-0.140869	0.471191
1890	-0.856689	-0.140869	0.471191
1890	-0.856689	-0.140869	0.471191
1890	-0.856689	-0.140869	0.471191
1900	-0.856689	-0.140869	0.471191
1900	-0.855956	-0.148193	0.482421
1900	-0.855956	-0.148193	0.482421
1900	-0.855956	-0.148193	0.482421
1900	-0.855956	-0.148193	0.482421
1910	-0.855956	-0.148193	0.482421
1910	-0.861816	-0.142822	0.480957
1910	-0.861816	-0.142822	0.480957
1910	-0.861816	-0.142822	0.480957
1910	-0.861816	-0.142822	0.480957
1920	-0.861816	-0.142822	0.480957
1920	-0.856445	-0.138183	0.492187
1920	-0.856445	-0.138183	0.492187
1920	-0.856445	-0.138183	0.492187
1920	-0.856445	-0.138183	0.492187
1930	-0.856445	-0.138183	0.492187
1930	-0.851806	-0.136963	0.489257
1930	-0.851806	-0.136963	0.489257
1930	-0.851806	-0.136963	0.489257
1930	-0.851806	-0.136963	0.489257
1940	-0.851806	-0.136963	0.489257
1940	-0.852536	-0.139648	0.492918
1940	-0.852536	-0.139648	0.492918
1940	-0.852536	-0.139648	0.492918
1940	-0.852536	-0.139648	0.492918
1950	-0.852536	-0.139648	0.492918
1950	-0.855221	-0.140624	0.489256
1950	-0.855221	-0.140624	0.489256
1950	-0.855221	-0.140624	0.489256
1950	-0.855221	-0.140624	0.489256
1960	-0.855221	-0.140624	0.489256
1960	-0.852293	-0.137695	0.481688
1960	-0.852293	-0.137695	0.481688
1960	-0.852293	-0.137695	0.481688
1960	-0.852293	-0.137695	0.481688
1970	-0.852293	-0.137695	0.481688
1970	-0.855466	-0.13916	0.490965
1970	-0.855466	-0.13916	0.490965
1970	-0.855466	-0.13916	0.490965
1970	-0.855466	-0.13916	0.490965
1980	-0.855466	-0.13916	0.490965
1980	-0.855711	-0.146728	0.482909
1980	-0.855711	-0.146728	0.482909
1980	-0.855711	-0.146728	0.482909
1980	-0.855711	-0.146728	0.482909
1990	-0.855711	-0.146728	0.482909
1990	-0.859861	-0.141357	0.480712
1990	-0.859861	-0.141357	0.480712
1990	-0.859861	-0.141357	0.480712
1990	-0.859861	-0.141357	0.480712
2000	-0.859861	-0.141357	0.480712
2000	-0.856931	-0.136718	0.486327
2000	-0.856931	-0.136718	0.486327
2000	-0.856931	-0.136718	0.486327
2000	-0.856931	-0.136718	0.486327
2010	-0.856931	-0.136718	0.486327
2010	-0.855223	-0.136474	0.479003
2010	-0.855223	-0.136474	0.479003
2010	-0.855223	-0.136474	0.479003
2010	-0.855223	-0.136474	0.479003
2020	-0.855223	-0.136474	0.479003
2020	-0.86035	-0.139648	0.486571
2020	-0.86035	-0.139648	0.486571
2020	-0.86035	-0.139648	0.486571
2020	-0.86035	-0.139648	0.486571
2030	-0.86035	-0.139648	0.486571
2030	-0.863524	-0.144287	0.485107
2030	-0.863524	-0.144287	0.485107
2030	-0.863524	-0.144287	0.485107
2030	-0.863524	-0.144287	0.485107
2040	-0.863524	-0.144287	0.485107
2040	-0.845702	-0.135742	0.489989
2040	-0.845702	-0.135742	0.489989
2040	-0.845702	-0.135742	0.489989
2040	-0.845702	-0.135742	0.489989
2050	-0.845702	-0.135742	0.489989
2050	-0.871092	-0.139892	0.483153
2050	-0.871092	-0.139892	0.483153
2050	-0.871092	-0.139892	0.483153
2050	-0.871092	-0.139892	0.483153
2060	-0.871092	-0.139892	0.483153
2060	-0.854979	-0.137695	0.486327
2060	-0.854979	-0.137695	0.486327
2060	-0.854979	-0.137695	0.486327
2060	-0.854979	-0.137695	0.486327
2070	-0.854979	-0.137695	0.486327
2070	-0.852538	-0.141357	0.478515
2070	-0.852538	-0.141357	0.478515
2070	-0.852538	-0.141357	0.478515
2070	-0.852538	-0.141357	0.478515
2080	-0.852538	-0.141357	0.478515
2080	-0.858398	-0.139648	0.46997
2080	-0.858398	-0.139648	0.46997
2080	-0.858398	-0.139648	0.46997
2080	-0.858398	-0.139648	0.46997
2090	-0.858398	-0.139648	0.46997
2090	-0.858154	-0.140625	0.468994
2090	-0.858154	-0.140625	0.468994
2090	-0.858154	-0.140625	0.468994
2090	-0.858154	-0.140625	0.468994
2100	-0.858154	-0.140625	0.468994
2100	-0.855712	-0.132568	0.492919
2100	-0.855712	-0.132568	0.492919
2100	-0.855712	-0.132568	0.492919
2100	-0.855712	-0.132568	0.492919
2110	-0.855712	-0.132568	0.492919
2110	-0.870361	-0.154785	0.488037
2110	-0.870361	-0.154785	0.488037
2110	-0.870361	-0.154785	0.488037
2110	-0.870361	-0.154785	0.488037
2120	-0.870361	-0.154785	0.488037
2120	-0.854733	-0.145263	0.483153
2120	-0.854733	-0.145263	0.483153
2120	-0.854733	-0.145263	0.483153
2120	-0.854733	-0.145263	0.483153
2130	-0.854733	-0.145263	0.483153
2130	-0.853757	-0.136718	0.480223
2130	-0.853757	-0.136718	0.480223
2130	-0.853757	-0.136718	0.480223
2130	-0.853757	-0.136718	0.480223
2140	-0.853757	-0.136718	0.480223
2140	-0.857175	-0.138183	0.486571
2140	-0.857175	-0.138183	0.486571
2140	-0.857175	-0.138183	0.486571
2140	-0.857175	-0.138183	0.486571
2150	-0.857175	-0.138183	0.486571
2150	-0.849119	-0.137695	0.482176
2150	-0.849119	-0.137695	0.482176
2150	-0.849119	-0.137695	0.482176
2150	-0.849119	-0.137695	0.482176
2160	-0.849119	-0.137695	0.482176
2160	-0.84448	-0.139648	0.494872
2160	-0.84448	-0.139648	0.494872
2160	-0.84448	-0.139648	0.494872
2160	-0.84448	-0.139648	0.494872
2170	-0.84448	-0.139648	0.494872
2170	-0.850828	-0.137695	0.499022
2170	-0.850828	-0.137695	0.499022
2170	-0.850828	-0.137695	0.499022
2170	-0.850828	-0.137695	0.499022
2180	-0.850828	-0.137695	0.499022
2180	-0.855222	-0.145752	0.48535
2180	-0.855222	-0.145752	0.48535
2180	-0.855222	-0.145752	0.48535
2180	-0.855222	-0.145752	0.48535
2190	-0.855222	-0.145752	0.48535
2190	-0.850828	-0.140869	0.485839
2190	-0.850828	-0.140869	0.485839
2190	-0.850828	-0.140869	0.485839
2190	-0.850828	-0.140869	0.485839
2200	-0.850828	-0.140869	0.485839
2200	-0.847411	-0.152343	0.479247
2200	-0.847411	-0.152343	0.479247
2200	-0.847411	-0.152343	0.479247
2200	-0.847411	-0.152343	0.479247
2210	-0.847411	-0.152343	0.479247
2210	-0.851805	-0.142334	0.484374
2210	-0.851805	-0.142334	0.484374
2210	-0.851805	-0.142334	0.484374
2210	-0.851805	-0.142334	0.484374
2220	-0.851805	-0.142334	0.484374
2220	-0.850829	-0.138672	0.482177
2220	-0.850829	-0.138672	0.482177
2220	-0.850829	-0.138672	0.482177
2220	-0.850829	-0.138672	0.482177
2230	-0.850829	-0.138672	0.482177
2230	-0.852049	-0.140381	0.488036
2230	-0.852049	-0.140381	0.488036
2230	-0.852049	-0.140381	0.488036
2230	-0.852049	-0.140381	0.488036
2240	-0.852049	-0.140381	0.488036
2240	-0.854979	-0.128906	0.492187
2240	-0.854979	-0.128906	0.492187
2240	-0.854979	-0.128906	0.492187
2240	-0.854979	-0.128906	0.492187
2250	-0.854979	-0.128906	0.492187
2250	-0.854247	-0.140136	0.469237
2250	-0.854247	-0.140136	0.469237
2250	-0.854247	-0.140136	0.469237
2250	-0.854247	-0.140136	0.469237
2260	-0.854247	-0.140136	0.469237
2260	-0.859374	-0.135742	0.484375
2260	-0.859374	-0.135742	0.484375
2260	-0.859374	-0.135742	0.484375
2260	-0.859374	-0.135742	0.484375
2270	-0.859374	-0.135742	0.484375
2270	-0.870361	-0.153564	0.498779
2270	-0.870361	-0.153564	0.498779
2270	-0.870361	-0.153564	0.498779
2270	-0.870361	-0.153564	0.498779
2280	-0.870361	-0.153564	0.498779
2280	-0.859374	-0.145996	0.469726
2280	-0.859374	-0.145996	0.469726
2280	-0.859374	-0.145996	0.469726
2280	-0.859374	-0.145996	0.469726
2290	-0.859374	-0.145996	0.469726
2290	-0.854247	-0.139892	0.488037
2290	-0.854247	-0.139892	0.488037
2290	-0.854247	-0.139892	0.488037
2290	-0.854247	-0.139892	0.488037
2300	-0.854247	-0.139892	0.488037
2300	-0.854736	-0.145508	0.485351
2300	-0.854736	-0.145508	0.485351
2300	-0.854736	-0.145508	0.485351
2300	-0.854736	-0.145508	0.485351
2310	-0.854736	-0.145508	0.485351
2310	-0.851804	-0.137451	0.487547
2310	-0.851804	-0.137451	0.487547
2310	-0.851804	-0.137451	0.487547
2310	-0.851804	-0.137451	0.487547
2320	-0.851804	-0.137451	0.487547
2320	-0.85449	-0.133789	0.489501
2320	-0.85449	-0.133789	0.489501
2320	-0.85449	-0.133789	0.489501
2320	-0.85449	-0.133789	0.489501
2330	-0.85449	-0.133789	0.489501
2330	-0.855955	-0.139892	0.480467
2330	-0.855955	-0.139892	0.480467
2330	-0.855955	-0.139892	0.480467
2330	-0.855955	-0.139892	0.480467
2340	-0.855955	-0.139892	0.480467
2340	-0.857908	-0.142089	0.486083
2340	-0.857908	-0.142089	0.486083
2340	-0.857908	-0.142089	0.486083
2340	-0.857908	-0.142089	0.486083
2350	-0.857908	-0.142089	0.486083
2350	-0.858884	-0.13916	0.489257
2350	-0.858884	-0.13916	0.489257
2350	-0.858884	-0.13916	0.489257
2350	-0.858884	-0.13916	0.489257
2360	-0.858884	-0.13916	0.489257
2360	-0.849607	-0.134033	0.485106
2360	-0.849607	-0.134033	0.485106
2360	-0.849607	-0.134033	0.485106
2360	-0.849607	-0.134033	0.485106
2370	-0.849607	-0.134033	0.485106
2370	-0.85864	-0.144287	0.487548
2370	-0.85864	-0.144287	0.487548
2370	-0.85864	-0.144287	0.487548
2370	-0.85864	-0.144287	0.487548
2380	-0.85864	-0.144287	0.487548
2380	-0.854247	-0.142334	0.480224
2380	-0.854247	-0.142334	0.480224
2380	-0.854247	-0.142334	0.480224
2380	-0.854247	-0.142334	0.480224
2390	-0.854247	-0.142334	0.480224
2390	-0.857909	-0.155029	0.488769
2390	-0.857909	-0.155029	0.488769
2390	-0.857909	-0.155029	0.488769
2390	-0.857909	-0.155029	0.488769
2400	-0.857909	-0.155029	0.488769
2400	-0.860594	-0.140381	0.470946
2400	-0.860594	-0.140381	0.470946
2400	-0.860594	-0.140381	0.470946
2400	-0.860594	-0.140381	0.470946
2410	-0.860594	-0.140381	0.470946
2410	-0.851805	-0.145752	0.485107
2410	-0.851805	-0.145752	0.485107
2410	-0.851805	-0.145752	0.485107
2410	-0.851805	-0.145752	0.485107
2420	-0.851805	-0.145752	0.485107
2420	-0.854002	-0.141113	0.480224
2420	-0.854002	-0.141113	0.480224
2420	-0.854002	-0.141113	0.480224
2420	-0.854002	-0.141113	0.480224
2430	-0.854002	-0.141113	0.480224
2430	-0.845947	-0.125488	0.485839
2430	-0.845947	-0.125488	0.485839
2430	-0.845947	-0.125488	0.485839
2430	-0.845947	-0.125488	0.485839
2440	-0.845947	-0.125488	0.485839
2440	-0.861083	-0.136474	0.481933
2440	-0.861083	-0.136474	0.481933
2440	-0.861083	-0.136474	0.481933
2440	-0.861083	-0.136474	0.481933
2450	-0.861083	-0.136474	0.481933
2450	-0.849364	-0.135498	0.481933
2450	-0.849364	-0.135498	0.481933
2450	-0.849364	-0.135498	0.481933
2450	-0.849364	-0.135498	0.481933
2460	-0.849364	-0.135498	0.481933
2460	-0.850097	-0.139892	0.493896
2460	-0.850097	-0.139892	0.493896
2460	-0.850097	-0.139892	0.493896
2460	-0.850097	-0.139892	0.493896
2470	-0.850097	-0.139892	0.493896
2470	-0.857909	-0.136719	0.485839
2470	-0.857909	-0.136719	0.485839
2470	-0.857909	-0.136719	0.485839
2470	-0.857909	-0.136719	0.485839
2480	-0.857909	-0.136719	0.485839
2480	-0.861327	-0.141113	0.484863
2480	-0.861327	-0.141113	0.484863
2480	-0.861327	-0.141113	0.484863
2480	-0.861327	-0.141113	0.484863
2490	-0.861327	-0.141113	0.484863
2490	-0.859618	-0.138672	0.485595
2490	-0.859618	-0.138672	0.485595
2490	-0.859618	-0.138672	0.485595
2490	-0.859618	-0.138672	0.485595
2500	-0.859618	-0.138672	0.485595
2500	-0.85205	-0.145752	0.492187
2500	-0.85205	-0.145752	0.492187
2500	-0.85205	-0.145752	0.492187
2500	-0.85205	-0.145752	0.492187
2510	-0.85205	-0.145752	0.492187
2510	-0.856686	-0.138183	0.482908
2510	-0.856686	-0.138183	0.482908
2510	-0.856686	-0.138183	0.482908
2510	-0.856686	-0.138183	0.482908
2520	-0.856686	-0.138183	0.482908
2520	-0.87402	-0.136474	0.484862
2520	-0.87402	-0.136474	0.484862
2520	-0.87402	-0.136474	0.484862
2520	-0.87402	-0.136474	0.484862
2530	-0.87402	-0.136474	0.484862
2530	-0.856687	-0.144775	0.471434
2530	-0.856687	-0.144775	0.471434
2530	-0.856687	-0.144775	0.471434
2530	-0.856687	-0.144775	0.471434
2540	-0.856687	-0.144775	0.471434
2540	-0.858396	-0.131591	0.487548
2540	-0.858396	-0.131591	0.487548
2540	-0.858396	-0.131591	0.487548
2540	-0.858396	-0.131591	0.487548
2550	-0.858396	-0.131591	0.487548
2550	-0.856687	-0.136474	0.479735
2550	-0.856687	-0.136474	0.479735
2550	-0.856687	-0.136474	0.479735
2550	-0.856687	-0.136474	0.479735
2560	-0.856687	-0.136474	0.479735
2560	-0.855711	-0.140136	0.483641
2560	-0.855711	-0.140136	0.483641
2560	-0.855711	-0.140136	0.483641
2560	-0.855711	-0.140136	0.483641
2570	-0.855711	-0.140136	0.483641
2570	-0.846433	-0.137207	0.49121
2570	-0.846433	-0.137207	0.49121
2570	-0.846433	-0.137207	0.49121
2570	-0.846433	-0.137207	0.49121
2580	-0.846433	-0.137207	0.49121
2580	-0.853758	-0.141601	0.475097
2580	-0.853758	-0.141601	0.475097
2580	-0.853758	-0.141601	0.475097
2580	-0.853758	-0.141601	0.475097
2590	-0.853758	-0.141601	0.475097
2590	-0.855711	-0.138916	0.478027
2590	-0.855711	-0.138916	0.478027
2590	-0.855711	-0.138916	0.478027
2590	-0.855711	-0.138916	0.478027
2600	-0.855711	-0.138916	0.478027
2600	-0.861327	-0.141601	0.486816
2600	-0.861327	-0.141601	0.486816
2600	-0.861327	-0.141601	0.486816
2600	-0.861327	-0.141601	0.486816
2610	-0.861327	-0.141601	0.486816
2610	-0.844725	-0.125976	0.47998
2610	-0.844725	-0.125976	0.47998
2610	-0.844725	-0.125976	0.47998
2610	-0.844725	-0.125976	0.47998
2620	-0.844725	-0.125976	0.47998
2620	-0.85205	-0.13916	0.494384
2620	-0.85205	-0.13916	0.494384
2620	-0.85205	-0.13916	0.494384
2620	-0.85205	-0.13916	0.494384
2630	-0.85205	-0.13916	0.494384
2630	-0.850829	-0.133789	0.479248
2630	-0.850829	-0.133789	0.479248
2630	-0.850829	-0.133789	0.479248
2630	-0.850829	-0.133789	0.479248
2640	-0.850829	-0.133789	0.479248
2640	-0.8562	-0.137451	0.484619
2640	-0.8562	-0.137451	0.484619
2640	-0.8562	-0.137451	0.484619
2640	-0.8562	-0.137451	0.484619
2650	-0.8562	-0.137451	0.484619
2650	-0.873534	-0.138916	0.485107
2650	-0.873534	-0.138916	0.485107
2650	-0.873534	-0.138916	0.485107
2650	-0.873534	-0.138916	0.485107
2660	-0.873534	-0.138916	0.485107
2660	-0.851318	-0.141113	0.476074
2660	-0.851318	-0.141113	0.476074
2660	-0.851318	-0.141113	0.476074
2660	-0.851318	-0.141113	0.476074
2670	-0.851318	-0.141113	0.476074
2670	-0.860593	-0.143554	0.481932
2670	-0.860593	-0.143554	0.481932
2670	-0.860593	-0.143554	0.481932
2670	-0.860593	-0.143554	0.481932
2680	-0.860593	-0.143554	0.481932
2680	-0.861569	-0.135498	0.491942
2680	-0.861569	-0.135498	0.491942
2680	-0.861569	-0.135498	0.491942
2680	-0.861569	-0.135498	0.491942
2690	-0.861569	-0.135498	0.491942
2690	-0.853758	-0.140869	0.490233
2690	-0.853758	-0.140869	0.490233
2690	-0.853758	-0.140869	0.490233
2690	-0.853758	-0.140869	0.490233
2700	-0.853758	-0.140869	0.490233
2700	-0.873045	-0.15332	0.470458
2700	-0.873045	-0.15332	0.470458
2700	-0.873045	-0.15332	0.470458
2700	-0.873045	-0.15332	0.470458
2710	-0.873045	-0.15332	0.470458
2710	-0.850584	-0.125732	0.487303
2710	-0.850584	-0.125732	0.487303
2710	-0.850584	-0.125732	0.487303
2710	-0.850584	-0.125732	0.487303
2720	-0.850584	-0.125732	0.487303
2720	-0.853269	-0.140625	0.482665
2720	-0.853269	-0.140625	0.482665
2720	-0.853269	-0.140625	0.482665
2720	-0.853269	-0.140625	0.482665
2730	-0.853269	-0.140625	0.482665
2730	-0.852049	-0.141113	0.497313
2730	-0.852049	-0.141113	0.497313
2730	-0.852049	-0.141113	0.497313
2730	-0.852049	-0.141113	0.497313
2740	-0.852049	-0.141113	0.497313
2740	-0.865232	-0.138427	0.485594
2740	-0.865232	-0.138427	0.485594
2740	-0.865232	-0.138427	0.485594
2740	-0.865232	-0.138427	0.485594
2750	-0.865232	-0.138427	0.485594
2750	-0.852537	-0.140136	0.490721
2750	-0.852537	-0.140136	0.490721
2750	-0.852537	-0.140136	0.490721
2750	-0.852537	-0.140136	0.490721
2760	-0.852537	-0.140136	0.490721
2760	-0.851804	-0.125976	0.498778
2760	-0.851804	-0.125976	0.498778
2760	-0.851804	-0.125976	0.498778
2760	-0.851804	-0.125976	0.498778
2770	-0.851804	-0.125976	0.498778
2770	-0.856443	-0.137451	0.487303
2770	-0.856443	-0.137451	0.487303
2770	-0.856443	-0.137451	0.487303
2770	-0.856443	-0.137451	0.487303
2780	-0.856443	-0.137451	0.487303
2780	-0.85742	-0.136474	0.484618
2780	-0.85742	-0.136474	0.484618
2780	-0.85742	-0.136474	0.484618
2780	-0.85742	-0.136474	0.484618
2790	-0.85742	-0.136474	0.484618
2790	-0.852782	-0.127929	0.499511
2790	-0.852782	-0.127929	0.499511
2790	-0.852782	-0.127929	0.499511
2790	-0.852782	-0.127929	0.499511
2800	-0.852782	-0.127929	0.499511
2800	-0.863036	-0.125976	0.489013
2800	-0.863036	-0.125976	0.489013
2800	-0.863036	-0.125976	0.489013
2800	-0.863036	-0.125976	0.489013
2810	-0.863036	-0.125976	0.489013
2810	-0.858153	-0.137939	0.492919
2810	-0.858153	-0.137939	0.492919
2810	-0.858153	-0.137939	0.492919
2810	-0.858153	-0.137939	0.492919
2820	-0.858153	-0.137939	0.492919
2820	-0.857909	-0.14331	0.489989
2820	-0.857909	-0.14331	0.489989
2820	-0.857909	-0.14331	0.489989
2820	-0.857909	-0.14331	0.489989
2830	-0.857909	-0.14331	0.489989
2830	-0.856444	-0.13501	0.494872
2830	-0.856444	-0.13501	0.494872
2830	-0.856444	-0.13501	0.494872
2830	-0.856444	-0.13501	0.494872
2840	-0.856444	-0.13501	0.494872
2840	-0.853027	-0.138672	0.478515
2840	-0.853027	-0.138672	0.478515
2840	-0.853027	-0.138672	0.478515
2840	-0.853027	-0.138672	0.478515
2850	-0.853027	-0.138672	0.478515
2850	-0.850341	-0.13916	0.480957
2850	-0.850341	-0.13916	0.480957
2850	-0.850341	-0.13916	0.480957
2850	-0.850341	-0.13916	0.480957
2860	-0.850341	-0.13916	0.480957
2860	-0.86206	-0.144287	0.487793
2860	-0.86206	-0.144287	0.487793
2860	-0.86206	-0.144287	0.487793
2860	-0.86206	-0.144287	0.487793
2870	-0.86206	-0.144287	0.487793
2870	-0.85205	-0.140869	0.496826
2870	-0.85205	-0.140869	0.496826
2870	-0.85205	-0.140869	0.496826
2870	-0.85205	-0.140869	0.496826
2880	-0.85205	-0.140869	0.496826
2880	-0.855468	-0.140137	0.486816
2880	-0.855468	-0.140137	0.486816
2880	-0.855468	-0.140137	0.486816
2880	-0.855468	-0.140137	0.486816
2890	-0.855468	-0.140137	0.486816
2890	-0.848876	-0.141601	0.482421
2890	-0.848876	-0.141601	0.482421
2890	-0.848876	-0.141601	0.482421
2890	-0.848876	-0.141601	0.482421
2900	-0.848876	-0.141601	0.482421
2900	-0.85571	-0.136718	0.480223
2900	-0.85571	-0.136718	0.480223
2900	-0.85571	-0.136718	0.480223
2900	-0.85571	-0.136718	0.480223
2910	-0.85571	-0.136718	0.480223
2910	-0.85156	-0.156005	0.497801
2910	-0.85156	-0.156005	0.497801
2910	-0.85156	-0.156005	0.497801
2910	-0.85156	-0.156005	0.497801
2920	-0.85156	-0.156005	0.497801
2920	-0.857908	-0.141601	0.49829
2920	-0.857908	-0.141601	0.49829
2920	-0.857908	-0.141601	0.49829
2920	-0.857908	-0.141601	0.49829
2930	-0.857908	-0.141601	0.49829
2930	-0.856687	-0.134521	0.486327
2930	-0.856687	-0.134521	0.486327
2930	-0.856687	-0.134521	0.486327
2930	-0.856687	-0.134521	0.486327
2940	-0.856687	-0.134521	0.486327
2940	-0.847166	-0.138672	0.48535
2940	-0.847166	-0.138672	0.48535
2940	-0.847166	-0.138672	0.48535
2940	-0.847166	-0.138672	0.48535
2950	-0.847166	-0.138672	0.48535
2950	-0.857176	-0.139404	0.483641
2950	-0.857176	-0.139404	0.483641
2950	-0.857176	-0.139404	0.483641
2950	-0.857176	-0.139404	0.483641
2960	-0.857176	-0.139404	0.483641
2960	-0.851316	-0.139648	0.496093
2960	-0.851316	-0.139648	0.496093
2960	-0.851316	-0.139648	0.496093
2960	-0.851316	-0.139648	0.496093
2970	-0.851316	-0.139648	0.496093
2970	-0.858152	-0.137207	0.490477
2970	-0.858152	-0.137207	0.490477
2970	-0.858152	-0.137207	0.490477
2970	-0.858152	-0.137207	0.490477
2980	-0.858152	-0.137207	0.490477
2980	-0.850829	-0.138916	0.487792
2980	-0.850829	-0.138916	0.487792
2980	-0.850829	-0.138916	0.487792
2980	-0.850829	-0.138916	0.487792
2990	-0.850829	-0.138916	0.487792
2990	-0.854491	-0.138183	0.49121
2990	-0.854491	-0.138183	0.49121
2990	-0.854491	-0.138183	0.49121
2990	-0.854491	-0.138183	0.49121
