20	-0.106354	-0.0175171	0.0599976
30	-0.211945	-0.0341187	0.118714
40	-0.318299	-0.0510559	0.17981
50	-0.425263	-0.069458	0.238831
60	-0.532592	-0.0867309	0.299499
60	-0.532592	-0.0867309	0.299499
60	-0.532592	-0.0867309	0.299499
70	-0.639952	-0.103912	0.360198
70	-0.639952	-0.103912	0.360198
70	-0.639952	-0.103912	0.360198
80	-0.745512	-0.12146	0.421141
80	-0.745512	-0.12146	0.421141
80	-0.745512	-0.12146	0.421141
90	-0.852354	-0.138458	0.482146
90	-0.852354	-0.138458	0.482146
90	-0.852354	-0.138458	0.482146
90	-0.853269	-0.138366	0.48123
100	-0.853269	-0.138366	0.48123
100	-0.853269	-0.138366	0.48123
100	-0.853269	-0.138366	0.48123
100	-0.854855	-0.138702	0.481474
110	-0.854855	-0.138702	0.481474
110	-0.854855	-0.138702	0.481474
110	-0.854855	-0.138702	0.481474
110	-0.855984	-0.138793	0.480894
120	-0.855984	-0.138793	0.480894
120	-0.855984	-0.138793	0.480894
120	-0.855984	-0.138793	0.480894
120	-0.855557	-0.138275	0.482939
130	-0.855557	-0.138275	0.482939
130	-0.855557	-0.138275	0.482939
130	-0.855557	-0.138275	0.482939
130	-0.85516	-0.138305	0.483549
140	-0.85516	-0.138305	0.483549
140	-0.85516	-0.138305	0.483549
140	-0.85516	-0.138305	0.483549
140	-0.854245	-0.138488	0.484435
150	-0.854245	-0.138488	0.484435
150	-0.854245	-0.138488	0.484435
150	-0.854245	-0.138488	0.484435
150	-0.855253	-0.138	0.483458
160	-0.855253	-0.138	0.483458
160	-0.855253	-0.138	0.483458
160	-0.855253	-0.138	0.483458
160	-0.855588	-0.138214	0.48297
160	-0.855588	-0.138214	0.48297
170	-0.855588	-0.138214	0.48297
170	-0.855588	-0.138214	0.48297
170	-0.855588	-0.138214	0.48297
170	-0.855313	-0.140075	0.48477
170	-0.855313	-0.140075	0.48477
180	-0.855313	-0.140075	0.48477
180	-0.855313	-0.140075	0.48477
180	-0.855313	-0.140075	0.48477
180	-0.855252	-0.139221	0.486571
180	-0.855252	-0.139221	0.486571
190	-0.855252	-0.139221	0.486571
190	-0.855252	-0.139221	0.486571
190	-0.855252	-0.139221	0.486571
190	-0.854123	-0.140045	0.488463
190	-0.854123	-0.140045	0.488463
200	-0.854123	-0.140045	0.488463
200	-0.854123	-0.140045	0.488463
200	-0.854123	-0.140045	0.488463
200	-0.854215	-0.139007	0.4877
200	-0.854215	-0.139007	0.4877
210	-0.854215	-0.139007	0.4877
210	-0.854215	-0.139007	0.4877
210	-0.854215	-0.139007	0.4877
210	-0.854367	-0.138885	0.486174
210	-0.854367	-0.138885	0.486174
220	-0.854367	-0.138885	0.486174
220	-0.854367	-0.138885	0.486174
220	-0.854367	-0.138885	0.486174
220	-0.854581	-0.137237	0.486174
220	-0.854581	-0.137237	0.486174
230	-0.854581	-0.137237	0.486174
230	-0.854581	-0.137237	0.486174
230	-0.854581	-0.137237	0.486174
230	-0.854795	-0.137451	0.48651
230	-0.854795	-0.137451	0.48651
240	-0.854795	-0.137451	0.48651
240	-0.854795	-0.137451	0.48651
240	-0.854795	-0.137451	0.48651
240	-0.854795	-0.136932	0.487151
240	-0.854795	-0.136932	0.487151
250	-0.854795	-0.136932	0.487151
250	-0.854795	-0.136932	0.487151
250	-0.854795	-0.136932	0.487151
250	-0.854673	-0.135498	0.487822
250	-0.854673	-0.135498	0.487822
260	-0.854673	-0.135498	0.487822
260	-0.854673	-0.135498	0.487822
260	-0.854673	-0.135498	0.487822
260	-0.854978	-0.137542	0.488127
260	-0.854978	-0.137542	0.488127
270	-0.854978	-0.137542	0.488127
270	-0.854978	-0.137542	0.488127
270	-0.854978	-0.137542	0.488127
270	-0.855925	-0.138183	0.486876
270	-0.855925	-0.138183	0.486876
280	-0.855925	-0.138183	0.486876
280	-0.855925	-0.138183	0.486876
280	-0.855925	-0.138183	0.486876
280	-0.855833	-0.139465	0.486266
280	-0.855833	-0.139465	0.486266
290	-0.855833	-0.139465	0.486266
290	-0.855833	-0.139465	0.486266
290	-0.855833	-0.139465	0.486266
290	-0.855406	-0.13919	0.487579
290	-0.855406	-0.13919	0.487579
300	-0.855406	-0.13919	0.487579
300	-0.855406	-0.13919	0.487579
300	-0.855406	-0.13919	0.487579
300	-0.856138	-0.140838	0.487273
300	-0.856138	-0.140838	0.487273
310	-0.856138	-0.140838	0.487273
310	-0.856138	-0.140838	0.487273
310	-0.856138	-0.140838	0.487273
310	-0.855009	-0.140289	0.487609
310	-0.855009	-0.140289	0.487609
320	-0.855009	-0.140289	0.487609
320	-0.855009	-0.140289	0.487609
320	-0.855009	-0.140289	0.487609
320	-0.854795	-0.142547	0.486754
320	-0.854795	-0.142547	0.486754
330	-0.854795	-0.142547	0.486754
330	-0.854795	-0.142547	0.486754
330	-0.854795	-0.142547	0.486754
330	-0.854856	-0.142028	0.486785
330	-0.854856	-0.142028	0.486785
340	-0.854856	-0.142028	0.486785
340	-0.854856	-0.142028	0.486785
340	-0.854856	-0.142028	0.486785
340	-0.852964	-0.140716	0.485991
340	-0.852964	-0.140716	0.485991
350	-0.852964	-0.140716	0.485991
350	-0.852964	-0.140716	0.485991
350	-0.852964	-0.140716	0.485991
350	-0.851957	-0.13974	0.484038
350	-0.851957	-0.13974	0.484038
360	-0.851957	-0.13974	0.484038
360	-0.851957	-0.13974	0.484038
360	-0.851957	-0.13974	0.484038
360	-0.852231	-0.137573	0.486327
360	-0.852231	-0.137573	0.486327
370	-0.852231	-0.137573	0.486327
370	-0.852231	-0.137573	0.486327
370	-0.852231	-0.137573	0.486327
370	-0.852109	-0.138275	0.485472
370	-0.852109	-0.138275	0.485472
380	-0.852109	-0.138275	0.485472
380	-0.852109	-0.138275	0.485472
380	-0.852109	-0.138275	0.485472
380	-0.851926	-0.13739	0.485686
380	-0.851926	-0.13739	0.485686
390	-0.851926	-0.13739	0.485686
390	-0.851926	-0.13739	0.485686
390	-0.851926	-0.13739	0.485686
390	-0.853483	-0.136413	0.486449
390	-0.853483	-0.136413	0.486449
400	-0.853483	-0.136413	0.486449
400	-0.853483	-0.136413	0.486449
400	-0.853483	-0.136413	0.486449
400	-0.853422	-0.134521	0.487364
400	-0.853422	-0.134521	0.487364
410	-0.853422	-0.134521	0.487364
410	-0.853422	-0.134521	0.487364
410	-0.853422	-0.134521	0.487364
410	-0.852872	-0.135711	0.486693
410	-0.852872	-0.135711	0.486693
420	-0.852872	-0.135711	0.486693
420	-0.852872	-0.135711	0.486693
420	-0.852872	-0.135711	0.486693
420	-0.853666	-0.136108	0.486419
420	-0.853666	-0.136108	0.486419
430	-0.853666	-0.136108	0.486419
430	-0.853666	-0.136108	0.486419
430	-0.853666	-0.136108	0.486419
430	-0.85504	-0.135956	0.488311
430	-0.85504	-0.135956	0.488311
440	-0.85504	-0.135956	0.488311
440	-0.85504	-0.135956	0.488311
440	-0.85504	-0.135956	0.488311
440	-0.85443	-0.137359	0.487212
440	-0.85443	-0.137359	0.487212
450	-0.85443	-0.137359	0.487212
450	-0.85443	-0.137359	0.487212
450	-0.85443	-0.137359	0.487212
450	-0.854949	-0.137512	0.486388
450	-0.854949	-0.137512	0.486388
460	-0.854949	-0.137512	0.486388
460	-0.854949	-0.137512	0.486388
460	-0.854949	-0.137512	0.486388
460	-0.853972	-0.137207	0.485961
460	-0.853972	-0.137207	0.485961
470	-0.853972	-0.137207	0.485961
470	-0.853972	-0.137207	0.485961
470	-0.853972	-0.137207	0.485961
470	-0.853972	-0.138855	0.484191
470	-0.853972	-0.138855	0.484191
480	-0.853972	-0.138855	0.484191
480	-0.853972	-0.138855	0.484191
480	-0.853972	-0.138855	0.484191
480	-0.854521	-0.138794	0.481994
480	-0.854521	-0.138794	0.481994
490	-0.854521	-0.138794	0.481994
490	-0.854521	-0.138794	0.481994
490	-0.854521	-0.138794	0.481994
490	-0.854826	-0.137664	0.482329
490	-0.854826	-0.137664	0.482329
500	-0.854826	-0.137664	0.482329
500	-0.854826	-0.137664	0.482329
500	-0.854826	-0.137664	0.482329
500	-0.854154	-0.139892	0.483092
500	-0.854154	-0.139892	0.483092
510	-0.854154	-0.139892	0.483092
510	-0.854154	-0.139892	0.483092
510	-0.854154	-0.139892	0.483092
510	-0.851987	-0.141265	0.482604
510	-0.851987	-0.141265	0.482604
520	-0.851987	-0.141265	0.482604
520	-0.851987	-0.141265	0.482604
520	-0.851987	-0.141265	0.482604
520	-0.852048	-0.141449	0.482726
520	-0.852048	-0.141449	0.482726
530	-0.852048	-0.141449	0.482726
530	-0.852048	-0.141449	0.482726
530	-0.852048	-0.141449	0.482726
530	-0.85272	-0.140716	0.484709
530	-0.85272	-0.140716	0.484709
540	-0.85272	-0.140716	0.484709
540	-0.85272	-0.140716	0.484709
540	-0.85272	-0.140716	0.484709
540	-0.85333	-0.141479	0.482298
540	-0.85333	-0.141479	0.482298
550	-0.85333	-0.141479	0.482298
550	-0.85333	-0.141479	0.482298
550	-0.85333	-0.141479	0.482298
550	-0.852934	-0.140503	0.485106
550	-0.852934	-0.140503	0.485106
560	-0.852934	-0.140503	0.485106
560	-0.852934	-0.140503	0.485106
560	-0.852934	-0.140503	0.485106
560	-0.852812	-0.141052	0.486846
560	-0.852812	-0.141052	0.486846
570	-0.852812	-0.141052	0.486846
570	-0.852812	-0.141052	0.486846
570	-0.852812	-0.141052	0.486846
570	-0.852598	-0.14032	0.487762
570	-0.852598	-0.14032	0.487762
580	-0.852598	-0.14032	0.487762
580	-0.852598	-0.14032	0.487762
580	-0.852598	-0.14032	0.487762
580	-0.853758	-0.137726	0.485717
580	-0.853758	-0.137726	0.485717
590	-0.853758	-0.137726	0.485717
590	-0.853758	-0.137726	0.485717
590	-0.853758	-0.137726	0.485717
590	-0.854521	-0.136322	0.485595
590	-0.854521	-0.136322	0.485595
600	-0.854521	-0.136322	0.485595
600	-0.854521	-0.136322	0.485595
600	-0.854521	-0.136322	0.485595
600	-0.855071	-0.135437	0.486022
600	-0.855071	-0.135437	0.486022
610	-0.855071	-0.135437	0.486022
610	-0.855071	-0.135437	0.486022
610	-0.855071	-0.135437	0.486022
610	-0.854521	-0.135559	0.484862
610	-0.854521	-0.135559	0.484862
620	-0.854521	-0.135559	0.484862
620	-0.854521	-0.135559	0.484862
620	-0.854521	-0.135559	0.484862
620	-0.85388	-0.136352	0.48709
620	-0.85388	-0.136352	0.48709
630	-0.85388	-0.136352	0.48709
630	-0.85388	-0.136352	0.48709
630	-0.85388	-0.136352	0.48709
630	-0.854338	-0.137176	0.486907
630	-0.854338	-0.137176	0.486907
640	-0.854338	-0.137176	0.486907
640	-0.854338	-0.137176	0.486907
640	-0.854338	-0.137176	0.486907
640	-0.854002	-0.137451	0.486113
640	-0.854002	-0.137451	0.486113
650	-0.854002	-0.137451	0.486113
650	-0.854002	-0.137451	0.486113
650	-0.854002	-0.137451	0.486113
650	-0.854612	-0.138549	0.484862
650	-0.854612	-0.138549	0.484862
660	-0.854612	-0.138549	0.484862
660	-0.854612	-0.138549	0.484862
660	-0.854612	-0.138549	0.484862
660	-0.85446	-0.138885	0.486724
660	-0.85446	-0.138885	0.486724
670	-0.85446	-0.138885	0.486724
670	-0.85446	-0.138885	0.486724
670	-0.85446	-0.138885	0.486724
670	-0.855406	-0.139099	0.486876
670	-0.855406	-0.139099	0.486876
680	-0.855406	-0.139099	0.486876
680	-0.855406	-0.139099	0.486876
680	-0.855406	-0.139099	0.486876
680	-0.85623	-0.13974	0.486693
680	-0.85623	-0.13974	0.486693
690	-0.85623	-0.13974	0.486693
690	-0.85623	-0.13974	0.486693
690	-0.85623	-0.13974	0.486693
690	-0.85803	-0.140259	0.487975
690	-0.85803	-0.140259	0.487975
700	-0.85803	-0.140259	0.487975
700	-0.85803	-0.140259	0.487975
700	-0.85803	-0.140259	0.487975
700	-0.858855	-0.138305	0.488952
700	-0.858855	-0.138305	0.488952
710	-0.858855	-0.138305	0.488952
710	-0.858855	-0.138305	0.488952
710	-0.858855	-0.138305	0.488952
710	-0.858641	-0.138641	0.488219
710	-0.858641	-0.138641	0.488219
720	-0.858641	-0.138641	0.488219
720	-0.858641	-0.138641	0.488219
720	-0.858641	-0.138641	0.488219
720	-0.859374	-0.138702	0.489501
720	-0.859374	-0.138702	0.489501
730	-0.859374	-0.138702	0.489501
730	-0.859374	-0.138702	0.489501
730	-0.859374	-0.138702	0.489501
730	-0.859801	-0.138	0.490203
730	-0.859801	-0.138	0.490203
740	-0.859801	-0.138	0.490203
740	-0.859801	-0.138	0.490203
740	-0.859801	-0.138	0.490203
740	-0.860351	-0.138153	0.48944
740	-0.860351	-0.138153	0.48944
750	-0.860351	-0.138153	0.48944
750	-0.860351	-0.138153	0.48944
750	-0.860351	-0.138153	0.48944
750	-0.859374	-0.136658	0.489928
750	-0.859374	-0.136658	0.489928
760	-0.859374	-0.136658	0.489928
760	-0.859374	-0.136658	0.489928
760	-0.859374	-0.136658	0.489928
760	-0.858306	-0.136932	0.488921
760	-0.858306	-0.136932	0.488921
770	-0.858306	-0.136932	0.488921
770	-0.858306	-0.136932	0.488921
770	-0.858306	-0.136932	0.488921
770	-0.856963	-0.135925	0.488097
770	-0.856963	-0.135925	0.488097
780	-0.856963	-0.135925	0.488097
780	-0.856963	-0.135925	0.488097
780	-0.856963	-0.135925	0.488097
780	-0.856169	-0.137268	0.4877
780	-0.856169	-0.137268	0.4877
790	-0.856169	-0.137268	0.4877
790	-0.856169	-0.137268	0.4877
790	-0.856169	-0.137268	0.4877
790	-0.855528	-0.137054	0.487151
790	-0.855528	-0.137054	0.487151
800	-0.855528	-0.137054	0.487151
800	-0.855528	-0.137054	0.487151
800	-0.855528	-0.137054	0.487151
800	-0.854124	-0.136688	0.486632
800	-0.854124	-0.136688	0.486632
810	-0.854124	-0.136688	0.486632
810	-0.854124	-0.136688	0.486632
810	-0.854124	-0.136688	0.486632
810	-0.852689	-0.136688	0.485503
810	-0.852689	-0.136688	0.485503
820	-0.852689	-0.136688	0.485503
820	-0.852689	-0.136688	0.485503
820	-0.852689	-0.136688	0.485503
820	-0.852353	-0.136474	0.485686
820	-0.852353	-0.136474	0.485686
830	-0.852353	-0.136474	0.485686
830	-0.852353	-0.136474	0.485686
830	-0.852353	-0.136474	0.485686
830	-0.852842	-0.139679	0.485472
830	-0.852842	-0.139679	0.485472
840	-0.852842	-0.139679	0.485472
840	-0.852842	-0.139679	0.485472
840	-0.852842	-0.139679	0.485472
840	-0.852506	-0.139038	0.486235
840	-0.852506	-0.139038	0.486235
850	-0.852506	-0.139038	0.486235
850	-0.852506	-0.139038	0.486235
850	-0.852506	-0.139038	0.486235
850	-0.851499	-0.138305	0.486998
850	-0.851499	-0.138305	0.486998
860	-0.851499	-0.138305	0.486998
860	-0.851499	-0.138305	0.486998
860	-0.851499	-0.138305	0.486998
860	-0.851896	-0.138	0.486113
860	-0.851896	-0.138	0.486113
870	-0.851896	-0.138	0.486113
870	-0.851896	-0.138	0.486113
870	-0.851896	-0.138	0.486113
870	-0.851682	-0.138519	0.48593
870	-0.851682	-0.138519	0.48593
880	-0.851682	-0.138519	0.48593
880	-0.851682	-0.138519	0.48593
880	-0.851682	-0.138519	0.48593
880	-0.85269	-0.138366	0.485045
880	-0.85269	-0.138366	0.485045
890	-0.85269	-0.138366	0.485045
890	-0.85269	-0.138366	0.485045
890	-0.85269	-0.138366	0.485045
890	-0.853422	-0.138855	0.485625
890	-0.853422	-0.138855	0.485625
900	-0.853422	-0.138855	0.485625
900	-0.853422	-0.138855	0.485625
900	-0.853422	-0.138855	0.485625
900	-0.85327	-0.138794	0.486236
900	-0.85327	-0.138794	0.486236
910	-0.85327	-0.138794	0.486236
910	-0.85327	-0.138794	0.486236
910	-0.85327	-0.138794	0.486236
910	-0.853697	-0.136017	0.486724
910	-0.853697	-0.136017	0.486724
920	-0.853697	-0.136017	0.486724
920	-0.853697	-0.136017	0.486724
920	-0.853697	-0.136017	0.486724
920	-0.854277	-0.13565	0.487182
920	-0.854277	-0.13565	0.487182
930	-0.854277	-0.13565	0.487182
930	-0.854277	-0.13565	0.487182
930	-0.854277	-0.13565	0.487182
930	-0.854368	-0.139038	0.487395
930	-0.854368	-0.139038	0.487395
940	-0.854368	-0.139038	0.487395
940	-0.854368	-0.139038	0.487395
940	-0.854368	-0.139038	0.487395
940	-0.854918	-0.141601	0.487883
940	-0.854918	-0.141601	0.487883
950	-0.854918	-0.141601	0.487883
950	-0.854918	-0.141601	0.487883
950	-0.854918	-0.141601	0.487883
950	-0.854826	-0.141784	0.487334
950	-0.854826	-0.141784	0.487334
960	-0.854826	-0.141784	0.487334
960	-0.854826	-0.141784	0.487334
960	-0.854826	-0.141784	0.487334
960	-0.8551	-0.143158	0.488066
960	-0.8551	-0.143158	0.488066
970	-0.8551	-0.143158	0.488066
970	-0.8551	-0.143158	0.488066
970	-0.8551	-0.143158	0.488066
970	-0.85449	-0.143402	0.488494
970	-0.85449	-0.143402	0.488494
980	-0.85449	-0.143402	0.488494
980	-0.85449	-0.143402	0.488494
980	-0.85449	-0.143402	0.488494
980	-0.85452	-0.143524	0.488982
980	-0.85452	-0.143524	0.488982
990	-0.85452	-0.143524	0.488982
990	-0.85452	-0.143524	0.488982
990	-0.85452	-0.143524	0.488982
990	-0.854215	-0.144439	0.488768
990	-0.854215	-0.144439	0.488768
1000	-0.854215	-0.144439	0.488768
1000	-0.854215	-0.144439	0.488768
1000	-0.854215	-0.144439	0.488768
1000	-0.854459	-0.14447	0.488341
1000	-0.854459	-0.14447	0.488341
1010	-0.854459	-0.14447	0.488341
1010	-0.854459	-0.14447	0.488341
1010	-0.854459	-0.14447	0.488341
1010	-0.854887	-0.143463	0.488829
1010	-0.854887	-0.143463	0.488829
1020	-0.854887	-0.143463	0.488829
1020	-0.854887	-0.143463	0.488829
1020	-0.854887	-0.143463	0.488829
1020	-0.854612	-0.141662	0.489989
1020	-0.854612	-0.141662	0.489989
1030	-0.854612	-0.141662	0.489989
1030	-0.854612	-0.141662	0.489989
1030	-0.854612	-0.141662	0.489989
1030	-0.855528	-0.140533	0.491301
1030	-0.855528	-0.140533	0.491301
1040	-0.855528	-0.140533	0.491301
1040	-0.855528	-0.140533	0.491301
1040	-0.855528	-0.140533	0.491301
1040	-0.855253	-0.139526	0.492949
1040	-0.855253	-0.139526	0.492949
1050	-0.855253	-0.139526	0.492949
1050	-0.855253	-0.139526	0.492949
1050	-0.855253	-0.139526	0.492949
1050	-0.856016	-0.139129	0.491607
1050	-0.856016	-0.139129	0.491607
1060	-0.856016	-0.139129	0.491607
1060	-0.856016	-0.139129	0.491607
1060	-0.856016	-0.139129	0.491607
1060	-0.856505	-0.13974	0.492461
1060	-0.856505	-0.13974	0.492461
1070	-0.856505	-0.13974	0.492461
1070	-0.856505	-0.13974	0.492461
1070	-0.856505	-0.13974	0.492461
1070	-0.856718	-0.141571	0.492614
1070	-0.856718	-0.141571	0.492614
1080	-0.856718	-0.141571	0.492614
1080	-0.856718	-0.141571	0.492614
1080	-0.856718	-0.141571	0.492614
1080	-0.856474	-0.141906	0.491698
1080	-0.856474	-0.141906	0.491698
1090	-0.856474	-0.141906	0.491698
1090	-0.856474	-0.141906	0.491698
1090	-0.856474	-0.141906	0.491698
1090	-0.856474	-0.141632	0.490447
1090	-0.856474	-0.141632	0.490447
1100	-0.856474	-0.141632	0.490447
1100	-0.856474	-0.141632	0.490447
1100	-0.856474	-0.141632	0.490447
1100	-0.856382	-0.140991	0.488829
1100	-0.856382	-0.140991	0.488829
1110	-0.856382	-0.140991	0.488829
1110	-0.856382	-0.140991	0.488829
1110	-0.856382	-0.140991	0.488829
1110	-0.855741	-0.143219	0.488371
1110	-0.855741	-0.143219	0.488371
1120	-0.855741	-0.143219	0.488371
1120	-0.855741	-0.143219	0.488371
1120	-0.855741	-0.143219	0.488371
1120	-0.855039	-0.142242	0.486022
1120	-0.855039	-0.142242	0.486022
1130	-0.855039	-0.142242	0.486022
1130	-0.855039	-0.142242	0.486022
1130	-0.855039	-0.142242	0.486022
1130	-0.8551	-0.142395	0.48773
1130	-0.8551	-0.142395	0.48773
1140	-0.8551	-0.142395	0.48773
1140	-0.8551	-0.142395	0.48773
1140	-0.8551	-0.142395	0.48773
1140	-0.854795	-0.140502	0.48477
1140	-0.854795	-0.140502	0.48477
1150	-0.854795	-0.140502	0.48477
1150	-0.854795	-0.140502	0.48477
1150	-0.854795	-0.140502	0.48477
1150	-0.854306	-0.13919	0.484068
1150	-0.854306	-0.13919	0.484068
1160	-0.854306	-0.13919	0.484068
1160	-0.854306	-0.13919	0.484068
1160	-0.854306	-0.13919	0.484068
1160	-0.853635	-0.138916	0.485228
1160	-0.853635	-0.138916	0.485228
1170	-0.853635	-0.138916	0.485228
1170	-0.853635	-0.138916	0.485228
1170	-0.853635	-0.138916	0.485228
1170	-0.853513	-0.138397	0.484984
1170	-0.853513	-0.138397	0.484984
1180	-0.853513	-0.138397	0.484984
1180	-0.853513	-0.138397	0.484984
1180	-0.853513	-0.138397	0.484984
1180	-0.853269	-0.138458	0.483123
1180	-0.853269	-0.138458	0.483123
1190	-0.853269	-0.138458	0.483123
1190	-0.853269	-0.138458	0.483123
1190	-0.853269	-0.138458	0.483123
1190	-0.854155	-0.137054	0.483672
1190	-0.854155	-0.137054	0.483672
1200	-0.854155	-0.137054	0.483672
1200	-0.854155	-0.137054	0.483672
1200	-0.854155	-0.137054	0.483672
1200	-0.853819	-0.13797	0.484404
1200	-0.853819	-0.13797	0.484404
1210	-0.853819	-0.13797	0.484404
1210	-0.853819	-0.13797	0.484404
1210	-0.853819	-0.13797	0.484404
1210	-0.853514	-0.1362	0.48297
1210	-0.853514	-0.1362	0.48297
1220	-0.853514	-0.1362	0.48297
1220	-0.853514	-0.1362	0.48297
1220	-0.853514	-0.1362	0.48297
1220	-0.853697	-0.136444	0.485168
1220	-0.853697	-0.136444	0.485168
1230	-0.853697	-0.136444	0.485168
1230	-0.853697	-0.136444	0.485168
1230	-0.853697	-0.136444	0.485168
1230	-0.854277	-0.136261	0.484679
1230	-0.854277	-0.136261	0.484679
1240	-0.854277	-0.136261	0.484679
1240	-0.854277	-0.136261	0.484679
1240	-0.854277	-0.136261	0.484679
1240	-0.854766	-0.136658	0.484069
1240	-0.854766	-0.136658	0.484069
1250	-0.854766	-0.136658	0.484069
1250	-0.854766	-0.136658	0.484069
1250	-0.854766	-0.136658	0.484069
1250	-0.854888	-0.136505	0.48468
1250	-0.854888	-0.136505	0.48468
1260	-0.854888	-0.136505	0.48468
1260	-0.854888	-0.136505	0.48468
1260	-0.854888	-0.136505	0.48468
1260	-0.854949	-0.137146	0.488006
1260	-0.854949	-0.137146	0.488006
1270	-0.854949	-0.137146	0.488006
1270	-0.854949	-0.137146	0.488006
1270	-0.854949	-0.137146	0.488006
1270	-0.854491	-0.135925	0.487548
1270	-0.854491	-0.135925	0.487548
1280	-0.854491	-0.135925	0.487548
1280	-0.854491	-0.135925	0.487548
1280	-0.854491	-0.135925	0.487548
1280	-0.855192	-0.135071	0.48651
1280	-0.855192	-0.135071	0.48651
1290	-0.855192	-0.135071	0.48651
1290	-0.855192	-0.135071	0.48651
1290	-0.855192	-0.135071	0.48651
1290	-0.854338	-0.137237	0.486632
1290	-0.854338	-0.137237	0.486632
1300	-0.854338	-0.137237	0.486632
1300	-0.854338	-0.137237	0.486632
1300	-0.854338	-0.137237	0.486632
1300	-0.853758	-0.138977	0.486449
1300	-0.853758	-0.138977	0.486449
1310	-0.853758	-0.138977	0.486449
1310	-0.853758	-0.138977	0.486449
1310	-0.853758	-0.138977	0.486449
1310	-0.853391	-0.138336	0.488616
1310	-0.853391	-0.138336	0.488616
1320	-0.853391	-0.138336	0.488616
1320	-0.853391	-0.138336	0.488616
1320	-0.853391	-0.138336	0.488616
1320	-0.853391	-0.138519	0.486846
1320	-0.853391	-0.138519	0.486846
1330	-0.853391	-0.138519	0.486846
1330	-0.853391	-0.138519	0.486846
1330	-0.853391	-0.138519	0.486846
1330	-0.853056	-0.138549	0.486174
1330	-0.853056	-0.138549	0.486174
1340	-0.853056	-0.138549	0.486174
1340	-0.853056	-0.138549	0.486174
1340	-0.853056	-0.138549	0.486174
1340	-0.853605	-0.13797	0.483886
1340	-0.853605	-0.13797	0.483886
1350	-0.853605	-0.13797	0.483886
1350	-0.853605	-0.13797	0.483886
1350	-0.853605	-0.13797	0.483886
1350	-0.852568	-0.13858	0.484038
1350	-0.852568	-0.13858	0.484038
1360	-0.852568	-0.13858	0.484038
1360	-0.852568	-0.13858	0.484038
1360	-0.852568	-0.13858	0.484038
1360	-0.852659	-0.13858	0.484343
1360	-0.852659	-0.13858	0.484343
1370	-0.852659	-0.13858	0.484343
1370	-0.852659	-0.13858	0.484343
1370	-0.852659	-0.13858	0.484343
1370	-0.855772	-0.138458	0.484405
1370	-0.855772	-0.138458	0.484405
1380	-0.855772	-0.138458	0.484405
1380	-0.855772	-0.138458	0.484405
1380	-0.855772	-0.138458	0.484405
1380	-0.858367	-0.137024	0.484008
1380	-0.858367	-0.137024	0.484008
1390	-0.858367	-0.137024	0.484008
1390	-0.858367	-0.137024	0.484008
1390	-0.858367	-0.137024	0.484008
1390	-0.85855	-0.137481	0.482177
1390	-0.85855	-0.137481	0.482177
1400	-0.85855	-0.137481	0.482177
1400	-0.85855	-0.137481	0.482177
1400	-0.85855	-0.137481	0.482177
1400	-0.859069	-0.138183	0.484466
1400	-0.859069	-0.138183	0.484466
1410	-0.859069	-0.138183	0.484466
1410	-0.859069	-0.138183	0.484466
1410	-0.859069	-0.138183	0.484466
1410	-0.859313	-0.138031	0.484161
1410	-0.859313	-0.138031	0.484161
1420	-0.859313	-0.138031	0.484161
1420	-0.859313	-0.138031	0.484161
1420	-0.859313	-0.138031	0.484161
1420	-0.859038	-0.138	0.485137
1420	-0.859038	-0.138	0.485137
1430	-0.859038	-0.138	0.485137
1430	-0.859038	-0.138	0.485137
1430	-0.859038	-0.138	0.485137
1430	-0.859557	-0.137604	0.484893
1430	-0.859557	-0.137604	0.484893
1440	-0.859557	-0.137604	0.484893
1440	-0.859557	-0.137604	0.484893
1440	-0.859557	-0.137604	0.484893
1440	-0.860136	-0.137817	0.486327
1440	-0.860136	-0.137817	0.486327
1450	-0.860136	-0.137817	0.486327
1450	-0.860136	-0.137817	0.486327
1450	-0.860136	-0.137817	0.486327
1450	-0.858244	-0.135864	0.48648
1450	-0.858244	-0.135864	0.48648
1460	-0.858244	-0.135864	0.48648
1460	-0.858244	-0.135864	0.48648
1460	-0.858244	-0.135864	0.48648
1460	-0.855619	-0.136932	0.487517
1460	-0.855619	-0.136932	0.487517
1470	-0.855619	-0.136932	0.487517
1470	-0.855619	-0.136932	0.487517
1470	-0.855619	-0.136932	0.487517
1470	-0.855222	-0.136932	0.488036
1470	-0.855222	-0.136932	0.488036
1480	-0.855222	-0.136932	0.488036
1480	-0.855222	-0.136932	0.488036
1480	-0.855222	-0.136932	0.488036
1480	-0.8551	-0.137207	0.487212
1480	-0.8551	-0.137207	0.487212
1490	-0.8551	-0.137207	0.487212
1490	-0.8551	-0.137207	0.487212
1490	-0.8551	-0.137207	0.487212
1490	-0.855039	-0.135833	0.486998
1490	-0.855039	-0.135833	0.486998
1500	-0.855039	-0.135833	0.486998
1500	-0.855039	-0.135833	0.486998
1500	-0.855039	-0.135833	0.486998
1500	-0.854246	-0.136139	0.486632
1500	-0.854246	-0.136139	0.486632
1510	-0.854246	-0.136139	0.486632
1510	-0.854246	-0.136139	0.486632
1510	-0.854246	-0.136139	0.486632
1510	-0.855253	-0.137451	0.48535
1510	-0.855253	-0.137451	0.48535
1520	-0.855253	-0.137451	0.48535
1520	-0.855253	-0.137451	0.48535
1520	-0.855253	-0.137451	0.48535
1520	-0.854582	-0.136078	0.485259
1520	-0.854582	-0.136078	0.485259
1530	-0.854582	-0.136078	0.485259
1530	-0.854582	-0.136078	0.485259
1530	-0.854582	-0.136078	0.485259
1530	-0.853941	-0.138305	0.484313
1530	-0.853941	-0.138305	0.484313
1540	-0.853941	-0.138305	0.484313
1540	-0.853941	-0.138305	0.484313
1540	-0.853941	-0.138305	0.484313
1540	-0.855681	-0.138763	0.483947
1540	-0.855681	-0.138763	0.483947
1550	-0.855681	-0.138763	0.483947
1550	-0.855681	-0.138763	0.483947
1550	-0.855681	-0.138763	0.483947
1550	-0.8562	-0.13919	0.481811
1550	-0.8562	-0.13919	0.481811
1560	-0.8562	-0.13919	0.481811
1560	-0.8562	-0.13919	0.481811
1560	-0.8562	-0.13919	0.481811
1560	-0.855772	-0.138092	0.483459
1560	-0.855772	-0.138092	0.483459
1570	-0.855772	-0.138092	0.483459
1570	-0.855772	-0.138092	0.483459
1570	-0.855772	-0.138092	0.483459
1570	-0.856077	-0.139129	0.484374
1570	-0.856077	-0.139129	0.484374
1580	-0.856077	-0.139129	0.484374
1580	-0.856077	-0.139129	0.484374
1580	-0.856077	-0.139129	0.484374
1580	-0.858763	-0.139496	0.485045
1580	-0.858763	-0.139496	0.485045
1590	-0.858763	-0.139496	0.485045
1590	-0.858763	-0.139496	0.485045
1590	-0.858763	-0.139496	0.485045
1590	-0.85858	-0.14032	0.484069
1590	-0.85858	-0.14032	0.484069
1600	-0.85858	-0.14032	0.484069
1600	-0.85858	-0.14032	0.484069
1600	-0.85858	-0.14032	0.484069
1600	-0.858915	-0.14273	0.484282
1600	-0.858915	-0.14273	0.484282
1610	-0.858915	-0.14273	0.484282
1610	-0.858915	-0.14273	0.484282
1610	-0.858915	-0.14273	0.484282
1610	-0.859403	-0.142212	0.486846
1610	-0.859403	-0.142212	0.486846
1620	-0.859403	-0.142212	0.486846
1620	-0.859403	-0.142212	0.486846
1620	-0.859403	-0.142212	0.486846
1620	-0.857755	-0.141693	0.486266
1620	-0.857755	-0.141693	0.486266
1630	-0.857755	-0.141693	0.486266
1630	-0.857755	-0.141693	0.486266
1630	-0.857755	-0.141693	0.486266
1630	-0.857175	-0.14093	0.48767
1630	-0.857175	-0.14093	0.48767
1640	-0.857175	-0.14093	0.48767
1640	-0.857175	-0.14093	0.48767
1640	-0.857175	-0.14093	0.48767
1640	-0.857755	-0.141143	0.486541
1640	-0.857755	-0.141143	0.486541
1650	-0.857755	-0.141143	0.486541
1650	-0.857755	-0.141143	0.486541
1650	-0.857755	-0.141143	0.486541
1650	-0.857328	-0.142212	0.486297
1650	-0.857328	-0.142212	0.486297
1660	-0.857328	-0.142212	0.486297
1660	-0.857328	-0.142212	0.486297
1660	-0.857328	-0.142212	0.486297
1660	-0.855559	-0.142334	0.486388
1660	-0.855559	-0.142334	0.486388
1670	-0.855559	-0.142334	0.486388
1670	-0.855559	-0.142334	0.486388
1670	-0.855559	-0.142334	0.486388
1670	-0.855528	-0.140716	0.487426
1670	-0.855528	-0.140716	0.487426
1680	-0.855528	-0.140716	0.487426
1680	-0.855528	-0.140716	0.487426
1680	-0.855528	-0.140716	0.487426
1680	-0.855284	-0.140106	0.487243
1680	-0.855284	-0.140106	0.487243
1690	-0.855284	-0.140106	0.487243
1690	-0.855284	-0.140106	0.487243
1690	-0.855284	-0.140106	0.487243
1690	-0.855498	-0.139862	0.4859
1690	-0.855498	-0.139862	0.4859
1700	-0.855498	-0.139862	0.4859
1700	-0.855498	-0.139862	0.4859
1700	-0.855498	-0.139862	0.4859
1700	-0.856078	-0.140259	0.486266
1700	-0.856078	-0.140259	0.486266
1710	-0.856078	-0.140259	0.486266
1710	-0.856078	-0.140259	0.486266
1710	-0.856078	-0.140259	0.486266
1710	-0.857207	-0.14212	0.487152
1710	-0.857207	-0.14212	0.487152
1720	-0.857207	-0.14212	0.487152
1720	-0.857207	-0.14212	0.487152
1720	-0.857207	-0.14212	0.487152
1720	-0.856902	-0.141601	0.487487
1720	-0.856902	-0.141601	0.487487
1730	-0.856902	-0.141601	0.487487
1730	-0.856902	-0.141601	0.487487
1730	-0.856902	-0.141601	0.487487
1730	-0.856536	-0.141601	0.488494
1730	-0.856536	-0.141601	0.488494
1740	-0.856536	-0.141601	0.488494
1740	-0.856536	-0.141601	0.488494
1740	-0.856536	-0.141601	0.488494
1740	-0.856628	-0.141022	0.48764
1740	-0.856628	-0.141022	0.48764
1750	-0.856628	-0.141022	0.48764
1750	-0.856628	-0.141022	0.48764
1750	-0.856628	-0.141022	0.48764
1750	-0.85681	-0.140045	0.490112
1750	-0.85681	-0.140045	0.490112
1760	-0.85681	-0.140045	0.490112
1760	-0.85681	-0.140045	0.490112
1760	-0.85681	-0.140045	0.490112
1760	-0.856291	-0.140411	0.490203
1760	-0.856291	-0.140411	0.490203
1770	-0.856291	-0.140411	0.490203
1770	-0.856291	-0.140411	0.490203
1770	-0.856291	-0.140411	0.490203
1770	-0.856383	-0.14035	0.489928
1770	-0.856383	-0.14035	0.489928
1780	-0.856383	-0.14035	0.489928
1780	-0.856383	-0.14035	0.489928
1780	-0.856383	-0.14035	0.489928
1780	-0.858244	-0.139343	0.488189
1780	-0.858244	-0.139343	0.488189
1790	-0.858244	-0.139343	0.488189
1790	-0.858244	-0.139343	0.488189
1790	-0.858244	-0.139343	0.488189
1790	-0.85742	-0.1362	0.487334
1790	-0.85742	-0.1362	0.487334
1800	-0.85742	-0.1362	0.487334
1800	-0.85742	-0.1362	0.487334
1800	-0.85742	-0.1362	0.487334
1800	-0.856474	-0.136627	0.486479
1800	-0.856474	-0.136627	0.486479
1810	-0.856474	-0.136627	0.486479
1810	-0.856474	-0.136627	0.486479
1810	-0.856474	-0.136627	0.486479
1810	-0.856809	-0.135192	0.485381
1810	-0.856809	-0.135192	0.485381
1820	-0.856809	-0.135192	0.485381
1820	-0.856809	-0.135192	0.485381
1820	-0.856809	-0.135192	0.485381
1820	-0.856534	-0.134307	0.486632
1820	-0.856534	-0.134307	0.486632
1830	-0.856534	-0.134307	0.486632
1830	-0.856534	-0.134307	0.486632
1830	-0.856534	-0.134307	0.486632
1830	-0.856351	-0.134857	0.484831
1830	-0.856351	-0.134857	0.484831
1840	-0.856351	-0.134857	0.484831
1840	-0.856351	-0.134857	0.484831
1840	-0.856351	-0.134857	0.484831
1840	-0.857206	-0.134338	0.484679
1840	-0.857206	-0.134338	0.484679
1850	-0.857206	-0.134338	0.484679
1850	-0.857206	-0.134338	0.484679
1850	-0.857206	-0.134338	0.484679
1850	-0.855619	-0.134582	0.484618
1850	-0.855619	-0.134582	0.484618
1860	-0.855619	-0.134582	0.484618
1860	-0.855619	-0.134582	0.484618
1860	-0.855619	-0.134582	0.484618
1860	-0.853788	-0.135254	0.48712
1860	-0.853788	-0.135254	0.48712
1870	-0.853788	-0.135254	0.48712
1870	-0.853788	-0.135254	0.48712
1870	-0.853788	-0.135254	0.48712
1870	-0.854063	-0.136352	0.486815
1870	-0.854063	-0.136352	0.486815
1880	-0.854063	-0.136352	0.486815
1880	-0.854063	-0.136352	0.486815
1880	-0.854063	-0.136352	0.486815
1880	-0.854948	-0.136535	0.488067
1880	-0.854948	-0.136535	0.488067
1890	-0.854948	-0.136535	0.488067
1890	-0.854948	-0.136535	0.488067
1890	-0.854948	-0.136535	0.488067
1890	-0.855193	-0.137604	0.486327
1890	-0.855193	-0.137604	0.486327
1900	-0.855193	-0.137604	0.486327
1900	-0.855193	-0.137604	0.486327
1900	-0.855193	-0.137604	0.486327
1900	-0.855345	-0.13977	0.485076
1900	-0.855345	-0.13977	0.485076
1910	-0.855345	-0.13977	0.485076
1910	-0.855345	-0.13977	0.485076
1910	-0.855345	-0.13977	0.485076
1910	-0.855986	-0.140777	0.484649
1910	-0.855986	-0.140777	0.484649
1920	-0.855986	-0.140777	0.484649
1920	-0.855986	-0.140777	0.484649
1920	-0.855986	-0.140777	0.484649
1920	-0.85562	-0.140747	0.484985
1920	-0.85562	-0.140747	0.484985
1930	-0.85562	-0.140747	0.484985
1930	-0.85562	-0.140747	0.484985
1930	-0.85562	-0.140747	0.484985
1930	-0.856444	-0.14035	0.485443
1930	-0.856444	-0.14035	0.485443
1940	-0.856444	-0.14035	0.485443
1940	-0.856444	-0.14035	0.485443
1940	-0.856444	-0.14035	0.485443
1940	-0.855803	-0.140289	0.485229
1940	-0.855803	-0.140289	0.485229
1950	-0.855803	-0.140289	0.485229
1950	-0.855803	-0.140289	0.485229
1950	-0.855803	-0.140289	0.485229
1950	-0.85562	-0.140838	0.486388
1950	-0.85562	-0.140838	0.486388
1960	-0.85562	-0.140838	0.486388
1960	-0.85562	-0.140838	0.486388
1960	-0.85562	-0.140838	0.486388
1960	-0.855345	-0.140625	0.484984
1960	-0.855345	-0.140625	0.484984
1970	-0.855345	-0.140625	0.484984
1970	-0.855345	-0.140625	0.484984
1970	-0.855345	-0.140625	0.484984
1970	-0.855192	-0.140411	0.487456
1970	-0.855192	-0.140411	0.487456
1980	-0.855192	-0.140411	0.487456
1980	-0.855192	-0.140411	0.487456
1980	-0.855192	-0.140411	0.487456
1980	-0.855162	-0.140228	0.487517
1980	-0.855162	-0.140228	0.487517
1990	-0.855162	-0.140228	0.487517
1990	-0.855162	-0.140228	0.487517
1990	-0.855162	-0.140228	0.487517
1990	-0.854917	-0.140045	0.487487
1990	-0.854917	-0.140045	0.487487
2000	-0.854917	-0.140045	0.487487
2000	-0.854917	-0.140045	0.487487
2000	-0.854917	-0.140045	0.487487
2000	-0.854978	-0.139862	0.486754
2000	-0.854978	-0.139862	0.486754
2010	-0.854978	-0.139862	0.486754
2010	-0.854978	-0.139862	0.486754
2010	-0.854978	-0.139862	0.486754
2010	-0.855405	-0.139801	0.485472
2010	-0.855405	-0.139801	0.485472
2020	-0.855405	-0.139801	0.485472
2020	-0.855405	-0.139801	0.485472
2020	-0.855405	-0.139801	0.485472
2020	-0.856382	-0.139801	0.484679
2020	-0.856382	-0.139801	0.484679
2030	-0.856382	-0.139801	0.484679
2030	-0.856382	-0.139801	0.484679
2030	-0.856382	-0.139801	0.484679
2030	-0.85742	-0.140258	0.48416
2030	-0.85742	-0.140258	0.48416
2040	-0.85742	-0.140258	0.48416
2040	-0.85742	-0.140258	0.48416
2040	-0.85742	-0.140258	0.48416
2040	-0.856596	-0.140014	0.485198
2040	-0.856596	-0.140014	0.485198
2050	-0.856596	-0.140014	0.485198
2050	-0.856596	-0.140014	0.485198
2050	-0.856596	-0.140014	0.485198
2050	-0.858549	-0.140106	0.484221
2050	-0.858549	-0.140106	0.484221
2060	-0.858549	-0.140106	0.484221
2060	-0.858549	-0.140106	0.484221
2060	-0.858549	-0.140106	0.484221
2060	-0.858458	-0.138977	0.484649
2060	-0.858458	-0.138977	0.484649
2070	-0.858458	-0.138977	0.484649
2070	-0.858458	-0.138977	0.484649
2070	-0.858458	-0.138977	0.484649
2070	-0.857542	-0.138977	0.484374
2070	-0.857542	-0.138977	0.484374
2080	-0.857542	-0.138977	0.484374
2080	-0.857542	-0.138977	0.484374
2080	-0.857542	-0.138977	0.484374
2080	-0.857726	-0.139343	0.48233
2080	-0.857726	-0.139343	0.48233
2090	-0.857726	-0.139343	0.48233
2090	-0.857726	-0.139343	0.48233
2090	-0.857726	-0.139343	0.48233
2090	-0.858092	-0.139862	0.481078
2090	-0.858092	-0.139862	0.481078
2100	-0.858092	-0.139862	0.481078
2100	-0.858092	-0.139862	0.481078
2100	-0.858092	-0.139862	0.481078
2100	-0.857512	-0.138977	0.481872
2100	-0.857512	-0.138977	0.481872
2110	-0.857512	-0.138977	0.481872
2110	-0.857512	-0.138977	0.481872
2110	-0.857512	-0.138977	0.481872
2110	-0.858367	-0.140289	0.482238
2110	-0.858367	-0.140289	0.482238
2120	-0.858367	-0.140289	0.482238
2120	-0.858367	-0.140289	0.482238
2120	-0.858367	-0.140289	0.482238
2120	-0.859496	-0.141479	0.481384
2120	-0.859496	-0.141479	0.481384
2130	-0.859496	-0.141479	0.481384
2130	-0.859496	-0.141479	0.481384
2130	-0.859496	-0.141479	0.481384
2130	-0.857329	-0.141083	0.481017
2130	-0.857329	-0.141083	0.481017
2140	-0.857329	-0.141083	0.481017
2140	-0.857329	-0.141083	0.481017
2140	-0.857329	-0.141083	0.481017
2140	-0.857603	-0.141144	0.481048
2140	-0.857603	-0.141144	0.481048
2150	-0.857603	-0.141144	0.481048
2150	-0.857603	-0.141144	0.481048
2150	-0.857603	-0.141144	0.481048
2150	-0.857176	-0.140686	0.481505
2150	-0.857176	-0.140686	0.481505
2160	-0.857176	-0.140686	0.481505
2160	-0.857176	-0.140686	0.481505
2160	-0.857176	-0.140686	0.481505
2160	-0.855436	-0.140686	0.484618
2160	-0.855436	-0.140686	0.484618
2170	-0.855436	-0.140686	0.484618
2170	-0.855436	-0.140686	0.484618
2170	-0.855436	-0.140686	0.484618
2170	-0.854521	-0.140319	0.488372
2170	-0.854521	-0.140319	0.488372
2180	-0.854521	-0.140319	0.488372
2180	-0.854521	-0.140319	0.488372
2180	-0.854521	-0.140319	0.488372
2180	-0.854459	-0.141967	0.487425
2180	-0.854459	-0.141967	0.487425
2190	-0.854459	-0.141967	0.487425
2190	-0.854459	-0.141967	0.487425
2190	-0.854459	-0.141967	0.487425
2190	-0.852018	-0.140228	0.487151
2190	-0.852018	-0.140228	0.487151
2200	-0.852018	-0.140228	0.487151
2200	-0.852018	-0.140228	0.487151
2200	-0.852018	-0.140228	0.487151
2200	-0.851102	-0.141113	0.486663
2200	-0.851102	-0.141113	0.486663
2210	-0.851102	-0.141113	0.486663
2210	-0.851102	-0.141113	0.486663
2210	-0.851102	-0.141113	0.486663
2210	-0.850858	-0.141815	0.487181
2210	-0.850858	-0.141815	0.487181
2220	-0.850858	-0.141815	0.487181
2220	-0.850858	-0.141815	0.487181
2220	-0.850858	-0.141815	0.487181
2220	-0.850065	-0.141876	0.486632
2220	-0.850065	-0.141876	0.486632
2230	-0.850065	-0.141876	0.486632
2230	-0.850065	-0.141876	0.486632
2230	-0.850065	-0.141876	0.486632
2230	-0.850431	-0.142212	0.487365
2230	-0.850431	-0.142212	0.487365
2240	-0.850431	-0.142212	0.487365
2240	-0.850431	-0.142212	0.487365
2240	-0.850431	-0.142212	0.487365
2240	-0.851744	-0.140869	0.487029
2240	-0.851744	-0.140869	0.487029
2250	-0.851744	-0.140869	0.487029
2250	-0.851744	-0.140869	0.487029
2250	-0.851744	-0.140869	0.487029
2250	-0.852171	-0.141174	0.483306
2250	-0.852171	-0.141174	0.483306
2260	-0.852171	-0.141174	0.483306
2260	-0.852171	-0.141174	0.483306
2260	-0.852171	-0.141174	0.483306
2260	-0.85269	-0.139923	0.483184
2260	-0.85269	-0.139923	0.483184
2270	-0.85269	-0.139923	0.483184
2270	-0.85269	-0.139923	0.483184
2270	-0.85269	-0.139923	0.483184
2270	-0.855132	-0.14151	0.484801
2270	-0.855132	-0.14151	0.484801
2280	-0.855132	-0.14151	0.484801
2280	-0.855132	-0.14151	0.484801
2280	-0.855132	-0.14151	0.484801
2280	-0.856627	-0.140716	0.483611
2280	-0.856627	-0.140716	0.483611
2290	-0.856627	-0.140716	0.483611
2290	-0.856627	-0.140716	0.483611
2290	-0.856627	-0.140716	0.483611
2290	-0.856932	-0.140411	0.484069
2290	-0.856932	-0.140411	0.484069
2300	-0.856932	-0.140411	0.484069
2300	-0.856932	-0.140411	0.484069
2300	-0.856932	-0.140411	0.484069
2300	-0.857421	-0.141266	0.484466
2300	-0.857421	-0.141266	0.484466
2310	-0.857421	-0.141266	0.484466
2310	-0.857421	-0.141266	0.484466
2310	-0.857421	-0.141266	0.484466
2310	-0.85739	-0.140899	0.484405
2310	-0.85739	-0.140899	0.484405
2320	-0.85739	-0.140899	0.484405
2320	-0.85739	-0.140899	0.484405
2320	-0.85739	-0.140899	0.484405
2320	-0.857329	-0.14151	0.484069
2320	-0.857329	-0.14151	0.484069
2330	-0.857329	-0.14151	0.484069
2330	-0.857329	-0.14151	0.484069
2330	-0.857329	-0.14151	0.484069
2330	-0.857543	-0.141479	0.485473
2330	-0.857543	-0.141479	0.485473
2340	-0.857543	-0.141479	0.485473
2340	-0.857543	-0.141479	0.485473
2340	-0.857543	-0.141479	0.485473
2340	-0.857359	-0.142273	0.485686
2340	-0.857359	-0.142273	0.485686
2350	-0.857359	-0.142273	0.485686
2350	-0.857359	-0.142273	0.485686
2350	-0.857359	-0.142273	0.485686
2350	-0.855925	-0.140472	0.484496
2350	-0.855925	-0.140472	0.484496
2360	-0.855925	-0.140472	0.484496
2360	-0.855925	-0.140472	0.484496
2360	-0.855925	-0.140472	0.484496
2360	-0.854704	-0.138977	0.486419
2360	-0.854704	-0.138977	0.486419
2370	-0.854704	-0.138977	0.486419
2370	-0.854704	-0.138977	0.486419
2370	-0.854704	-0.138977	0.486419
2370	-0.855253	-0.139526	0.486357
2370	-0.855253	-0.139526	0.486357
2380	-0.855253	-0.139526	0.486357
2380	-0.855253	-0.139526	0.486357
2380	-0.855253	-0.139526	0.486357
2380	-0.855192	-0.139129	0.485716
2380	-0.855192	-0.139129	0.485716
2390	-0.855192	-0.139129	0.485716
2390	-0.855192	-0.139129	0.485716
2390	-0.855192	-0.139129	0.485716
2390	-0.855955	-0.141327	0.485869
2390	-0.855955	-0.141327	0.485869
2400	-0.855955	-0.141327	0.485869
2400	-0.855955	-0.141327	0.485869
2400	-0.855955	-0.141327	0.485869
2400	-0.856718	-0.142151	0.48355
2400	-0.856718	-0.142151	0.48355
2410	-0.856718	-0.142151	0.48355
2410	-0.856718	-0.142151	0.48355
2410	-0.856718	-0.142151	0.48355
2410	-0.856199	-0.142883	0.48413
2410	-0.856199	-0.142883	0.48413
2420	-0.856199	-0.142883	0.48413
2420	-0.856199	-0.142883	0.48413
2420	-0.856199	-0.142883	0.48413
2420	-0.855711	-0.142761	0.483397
2420	-0.855711	-0.142761	0.483397
2430	-0.855711	-0.142761	0.483397
2430	-0.855711	-0.142761	0.483397
2430	-0.855711	-0.142761	0.483397
2430	-0.854094	-0.141052	0.48297
2430	-0.854094	-0.141052	0.48297
2440	-0.854094	-0.141052	0.48297
2440	-0.854094	-0.141052	0.48297
2440	-0.854094	-0.141052	0.48297
2440	-0.855528	-0.141357	0.482574
2440	-0.855528	-0.141357	0.482574
2450	-0.855528	-0.141357	0.482574
2450	-0.855528	-0.141357	0.482574
2450	-0.855528	-0.141357	0.482574
2450	-0.854369	-0.140259	0.481872
2450	-0.854369	-0.140259	0.481872
2460	-0.854369	-0.140259	0.481872
2460	-0.854369	-0.140259	0.481872
2460	-0.854369	-0.140259	0.481872
2460	-0.85385	-0.139953	0.483581
2460	-0.85385	-0.139953	0.483581
2470	-0.85385	-0.139953	0.483581
2470	-0.85385	-0.139953	0.483581
2470	-0.85385	-0.139953	0.483581
2470	-0.85385	-0.137665	0.483215
2470	-0.85385	-0.137665	0.483215
2480	-0.85385	-0.137665	0.483215
2480	-0.85385	-0.137665	0.483215
2480	-0.85385	-0.137665	0.483215
2480	-0.853942	-0.137756	0.484954
2480	-0.853942	-0.137756	0.484954
2490	-0.853942	-0.137756	0.484954
2490	-0.853942	-0.137756	0.484954
2490	-0.853942	-0.137756	0.484954
2490	-0.854919	-0.136871	0.485015
2490	-0.854919	-0.136871	0.485015
2500	-0.854919	-0.136871	0.485015
2500	-0.854919	-0.136871	0.485015
2500	-0.854919	-0.136871	0.485015
2500	-0.854675	-0.137451	0.486511
2500	-0.854675	-0.137451	0.486511
2510	-0.854675	-0.137451	0.486511
2510	-0.854675	-0.137451	0.486511
2510	-0.854675	-0.137451	0.486511
2510	-0.856017	-0.139038	0.486144
2510	-0.856017	-0.139038	0.486144
2520	-0.856017	-0.139038	0.486144
2520	-0.856017	-0.139038	0.486144
2520	-0.856017	-0.139038	0.486144
2520	-0.857634	-0.139038	0.48651
2520	-0.857634	-0.139038	0.48651
2530	-0.857634	-0.139038	0.48651
2530	-0.857634	-0.139038	0.48651
2530	-0.857634	-0.139038	0.48651
2530	-0.85855	-0.140198	0.485198
2530	-0.85855	-0.140198	0.485198
2540	-0.85855	-0.140198	0.485198
2540	-0.85855	-0.140198	0.485198
2540	-0.85855	-0.140198	0.485198
2540	-0.859587	-0.13916	0.484405
2540	-0.859587	-0.13916	0.484405
2550	-0.859587	-0.13916	0.484405
2550	-0.859587	-0.13916	0.484405
2550	-0.859587	-0.13916	0.484405
2550	-0.859434	-0.139129	0.483642
2550	-0.859434	-0.139129	0.483642
2560	-0.859434	-0.139129	0.483642
2560	-0.859434	-0.139129	0.483642
2560	-0.859434	-0.139129	0.483642
2560	-0.858732	-0.139007	0.483489
2560	-0.858732	-0.139007	0.483489
2570	-0.858732	-0.139007	0.483489
2570	-0.858732	-0.139007	0.483489
2570	-0.858732	-0.139007	0.483489
2570	-0.857084	-0.138824	0.484191
2570	-0.857084	-0.138824	0.484191
2580	-0.857084	-0.138824	0.484191
2580	-0.857084	-0.138824	0.484191
2580	-0.857084	-0.138824	0.484191
2580	-0.857297	-0.138305	0.482054
2580	-0.857297	-0.138305	0.482054
2590	-0.857297	-0.138305	0.482054
2590	-0.857297	-0.138305	0.482054
2590	-0.857297	-0.138305	0.482054
2590	-0.857176	-0.138397	0.481444
2590	-0.857176	-0.138397	0.481444
2600	-0.857176	-0.138397	0.481444
2600	-0.857176	-0.138397	0.481444
2600	-0.857176	-0.138397	0.481444
2600	-0.855589	-0.139038	0.481688
2600	-0.855589	-0.139038	0.481688
2610	-0.855589	-0.139038	0.481688
2610	-0.855589	-0.139038	0.481688
2610	-0.855589	-0.139038	0.481688
2610	-0.854094	-0.136688	0.482757
2610	-0.854094	-0.136688	0.482757
2620	-0.854094	-0.136688	0.482757
2620	-0.854094	-0.136688	0.482757
2620	-0.854094	-0.136688	0.482757
2620	-0.8533	-0.137634	0.483611
2620	-0.8533	-0.137634	0.483611
2630	-0.8533	-0.137634	0.483611
2630	-0.8533	-0.137634	0.483611
2630	-0.8533	-0.137634	0.483611
2630	-0.852568	-0.137298	0.48355
2630	-0.852568	-0.137298	0.48355
2640	-0.852568	-0.137298	0.48355
2640	-0.852568	-0.137298	0.48355
2640	-0.852568	-0.137298	0.48355
2640	-0.852629	-0.136963	0.483672
2640	-0.852629	-0.136963	0.483672
2650	-0.852629	-0.136963	0.483672
2650	-0.852629	-0.136963	0.483672
2650	-0.852629	-0.136963	0.483672
2650	-0.856017	-0.137176	0.48291
2650	-0.856017	-0.137176	0.48291
2660	-0.856017	-0.137176	0.48291
2660	-0.856017	-0.137176	0.48291
2660	-0.856017	-0.137176	0.48291
2660	-0.855712	-0.137115	0.483032
2660	-0.855712	-0.137115	0.483032
2670	-0.855712	-0.137115	0.483032
2670	-0.855712	-0.137115	0.483032
2670	-0.855712	-0.137115	0.483032
2670	-0.856322	-0.137695	0.48352
2670	-0.856322	-0.137695	0.48352
2680	-0.856322	-0.137695	0.48352
2680	-0.856322	-0.137695	0.48352
2680	-0.856322	-0.137695	0.48352
2680	-0.856352	-0.136932	0.484161
2680	-0.856352	-0.136932	0.484161
2690	-0.856352	-0.136932	0.484161
2690	-0.856352	-0.136932	0.484161
2690	-0.856352	-0.136932	0.484161
2690	-0.857481	-0.138794	0.485442
2690	-0.857481	-0.138794	0.485442
2700	-0.857481	-0.138794	0.485442
2700	-0.857481	-0.138794	0.485442
2700	-0.857481	-0.138794	0.485442
2700	-0.860106	-0.140564	0.482451
2700	-0.860106	-0.140564	0.482451
2710	-0.860106	-0.140564	0.482451
2710	-0.860106	-0.140564	0.482451
2710	-0.860106	-0.140564	0.482451
2710	-0.860075	-0.139557	0.483458
2710	-0.860075	-0.139557	0.483458
2720	-0.860075	-0.139557	0.483458
2720	-0.860075	-0.139557	0.483458
2720	-0.860075	-0.139557	0.483458
2720	-0.859709	-0.139953	0.483214
2720	-0.859709	-0.139953	0.483214
2730	-0.859709	-0.139953	0.483214
2730	-0.859709	-0.139953	0.483214
2730	-0.859709	-0.139953	0.483214
2730	-0.857023	-0.140228	0.48474
2730	-0.857023	-0.140228	0.48474
2740	-0.857023	-0.140228	0.48474
2740	-0.857023	-0.140228	0.48474
2740	-0.857023	-0.140228	0.48474
2740	-0.858762	-0.139892	0.48593
2740	-0.858762	-0.139892	0.48593
2750	-0.858762	-0.139892	0.48593
2750	-0.858762	-0.139892	0.48593
2750	-0.858762	-0.139892	0.48593
2750	-0.857755	-0.139465	0.487029
2750	-0.857755	-0.139465	0.487029
2760	-0.857755	-0.139465	0.487029
2760	-0.857755	-0.139465	0.487029
2760	-0.857755	-0.139465	0.487029
2760	-0.856535	-0.138275	0.487883
2760	-0.856535	-0.138275	0.487883
2770	-0.856535	-0.138275	0.487883
2770	-0.856535	-0.138275	0.487883
2770	-0.856535	-0.138275	0.487883
2770	-0.85687	-0.137848	0.487517
2770	-0.85687	-0.137848	0.487517
2780	-0.85687	-0.137848	0.487517
2780	-0.85687	-0.137848	0.487517
2780	-0.85687	-0.137848	0.487517
2780	-0.854917	-0.135742	0.489287
2780	-0.854917	-0.135742	0.489287
2790	-0.854917	-0.135742	0.489287
2790	-0.854917	-0.135742	0.489287
2790	-0.854917	-0.135742	0.489287
2790	-0.855192	-0.136017	0.490813
2790	-0.855192	-0.136017	0.490813
2800	-0.855192	-0.136017	0.490813
2800	-0.855192	-0.136017	0.490813
2800	-0.855192	-0.136017	0.490813
2800	-0.856413	-0.134185	0.491607
2800	-0.856413	-0.134185	0.491607
2810	-0.856413	-0.134185	0.491607
2810	-0.856413	-0.134185	0.491607
2810	-0.856413	-0.134185	0.491607
2810	-0.857176	-0.133789	0.491057
2810	-0.857176	-0.133789	0.491057
2820	-0.857176	-0.133789	0.491057
2820	-0.857176	-0.133789	0.491057
2820	-0.857176	-0.133789	0.491057
2820	-0.85626	-0.134399	0.491607
2820	-0.85626	-0.134399	0.491607
2830	-0.85626	-0.134399	0.491607
2830	-0.85626	-0.134399	0.491607
2830	-0.85626	-0.134399	0.491607
2830	-0.856749	-0.133758	0.492126
2830	-0.856749	-0.133758	0.492126
2840	-0.856749	-0.133758	0.492126
2840	-0.856749	-0.133758	0.492126
2840	-0.856749	-0.133758	0.492126
2840	-0.856902	-0.135345	0.489593
2840	-0.856902	-0.135345	0.489593
2850	-0.856902	-0.135345	0.489593
2850	-0.856902	-0.135345	0.489593
2850	-0.856902	-0.135345	0.489593
2850	-0.856139	-0.135559	0.488799
2850	-0.856139	-0.135559	0.488799
2860	-0.856139	-0.135559	0.488799
2860	-0.856139	-0.135559	0.488799
2860	-0.856139	-0.135559	0.488799
2860	-0.856719	-0.136535	0.489196
2860	-0.856719	-0.136535	0.489196
2870	-0.856719	-0.136535	0.489196
2870	-0.856719	-0.136535	0.489196
2870	-0.856719	-0.136535	0.489196
2870	-0.856627	-0.138153	0.48886
2870	-0.856627	-0.138153	0.48886
2880	-0.856627	-0.138153	0.48886
2880	-0.856627	-0.138153	0.48886
2880	-0.856627	-0.138153	0.48886
2880	-0.855681	-0.139923	0.488586
2880	-0.855681	-0.139923	0.488586
2890	-0.855681	-0.139923	0.488586
2890	-0.855681	-0.139923	0.488586
2890	-0.855681	-0.139923	0.488586
2890	-0.854522	-0.140381	0.487274
2890	-0.854522	-0.140381	0.487274
2900	-0.854522	-0.140381	0.487274
2900	-0.854522	-0.140381	0.487274
2900	-0.854522	-0.140381	0.487274
2900	-0.854247	-0.139557	0.486053
2900	-0.854247	-0.139557	0.486053
2910	-0.854247	-0.139557	0.486053
2910	-0.854247	-0.139557	0.486053
2910	-0.854247	-0.139557	0.486053
2910	-0.853637	-0.142181	0.486419
2910	-0.853637	-0.142181	0.486419
2920	-0.853637	-0.142181	0.486419
2920	-0.853637	-0.142181	0.486419
2920	-0.853637	-0.142181	0.486419
2920	-0.854247	-0.142547	0.488891
2920	-0.854247	-0.142547	0.488891
2930	-0.854247	-0.142547	0.488891
2930	-0.854247	-0.142547	0.488891
2930	-0.854247	-0.142547	0.488891
2930	-0.85504	-0.141968	0.489562
2930	-0.85504	-0.141968	0.489562
2940	-0.85504	-0.141968	0.489562
2940	-0.85504	-0.141968	0.489562
2940	-0.85504	-0.141968	0.489562
2940	-0.853178	-0.141266	0.489257
2940	-0.853178	-0.141266	0.489257
2950	-0.853178	-0.141266	0.489257
2950	-0.853178	-0.141266	0.489257
2950	-0.853178	-0.141266	0.489257
2950	-0.853819	-0.141082	0.487609
2950	-0.853819	-0.141082	0.487609
2960	-0.853819	-0.141082	0.487609
2960	-0.853819	-0.141082	0.487609
2960	-0.853819	-0.141082	0.487609
2960	-0.8533	-0.141021	0.488768
2960	-0.8533	-0.141021	0.488768
2970	-0.8533	-0.141021	0.488768
2970	-0.8533	-0.141021	0.488768
2970	-0.8533	-0.141021	0.488768
2970	-0.854459	-0.140472	0.489775
2970	-0.854459	-0.140472	0.489775
2980	-0.854459	-0.140472	0.489775
2980	-0.854459	-0.140472	0.489775
2980	-0.854459	-0.140472	0.489775
2980	-0.853849	-0.140747	0.490721
2980	-0.853849	-0.140747	0.490721
2990	-0.853849	-0.140747	0.490721
2990	-0.853849	-0.140747	0.490721
2990	-0.853849	-0.140747	0.490721
2990	-0.854216	-0.138519	0.489898
2990	-0.854216	-0.138519	0.489898
