20	-0.170166	-0.0280273	0.0959961
30	-0.339112	-0.05459	0.189942
40	-0.509278	-0.0816895	0.287696
50	-0.68042	-0.111133	0.382129
60	-0.852148	-0.138769	0.479199
60	-0.852148	-0.138769	0.479199
60	-0.853757	-0.138232	0.480321
70	-0.853757	-0.138232	0.480321
70	-0.853757	-0.138232	0.480321
70	-0.853707	-0.139745	0.483884
80	-0.853707	-0.139745	0.483884
80	-0.853707	-0.139745	0.483884
80	-0.854488	-0.139843	0.483738
90	-0.854488	-0.139843	0.483738
90	-0.854488	-0.139843	0.483738
90	-0.854976	-0.138281	0.483836
90	-0.854976	-0.138281	0.483836
100	-0.854976	-0.138281	0.483836
100	-0.854976	-0.138281	0.483836
100	-0.854732	-0.137743	0.481101
100	-0.854732	-0.137743	0.481101
110	-0.854732	-0.137743	0.481101
110	-0.854732	-0.137743	0.481101
110	-0.854929	-0.1375	0.480809
110	-0.854929	-0.1375	0.480809
120	-0.854929	-0.1375	0.480809
120	-0.854929	-0.1375	0.480809
120	-0.856492	-0.138037	0.481005
120	-0.856492	-0.138037	0.481005
130	-0.856492	-0.138037	0.481005
130	-0.856492	-0.138037	0.481005
130	-0.856638	-0.138525	0.481444
130	-0.856638	-0.138525	0.481444
140	-0.856638	-0.138525	0.481444
140	-0.856638	-0.138525	0.481444
140	-0.855319	-0.138427	0.485448
140	-0.855319	-0.138427	0.485448
150	-0.855319	-0.138427	0.485448
150	-0.855319	-0.138427	0.485448
150	-0.854343	-0.138623	0.487059
150	-0.854343	-0.138623	0.487059
160	-0.854343	-0.138623	0.487059
160	-0.854343	-0.138623	0.487059
160	-0.853855	-0.138916	0.487059
160	-0.853855	-0.138916	0.487059
160	-0.853855	-0.138916	0.487059
170	-0.853855	-0.138916	0.487059
170	-0.853855	-0.138916	0.487059
170	-0.854587	-0.141162	0.486766
170	-0.854587	-0.141162	0.486766
170	-0.854587	-0.141162	0.486766
180	-0.854587	-0.141162	0.486766
180	-0.854587	-0.141162	0.486766
180	-0.85488	-0.139209	0.485936
180	-0.85488	-0.139209	0.485936
180	-0.85488	-0.139209	0.485936
190	-0.85488	-0.139209	0.485936
190	-0.85488	-0.139209	0.485936
190	-0.854733	-0.13999	0.487254
190	-0.854733	-0.13999	0.487254
190	-0.854733	-0.13999	0.487254
200	-0.854733	-0.13999	0.487254
200	-0.854733	-0.13999	0.487254
200	-0.854831	-0.139648	0.487791
200	-0.854831	-0.139648	0.487791
200	-0.854831	-0.139648	0.487791
210	-0.854831	-0.139648	0.487791
210	-0.854831	-0.139648	0.487791
210	-0.854685	-0.139599	0.486571
210	-0.854685	-0.139599	0.486571
210	-0.854685	-0.139599	0.486571
220	-0.854685	-0.139599	0.486571
220	-0.854685	-0.139599	0.486571
220	-0.854148	-0.133886	0.487694
220	-0.854148	-0.133886	0.487694
220	-0.854148	-0.133886	0.487694
230	-0.854148	-0.133886	0.487694
230	-0.854148	-0.133886	0.487694
230	-0.853611	-0.135791	0.486962
230	-0.853611	-0.135791	0.486962
230	-0.853611	-0.135791	0.486962
240	-0.853611	-0.135791	0.486962
240	-0.853611	-0.135791	0.486962
240	-0.854929	-0.133935	0.48496
240	-0.854929	-0.133935	0.48496
240	-0.854929	-0.133935	0.48496
250	-0.854929	-0.133935	0.48496
250	-0.854929	-0.133935	0.48496
250	-0.85532	-0.135547	0.486962
250	-0.85532	-0.135547	0.486962
250	-0.85532	-0.135547	0.486962
260	-0.85532	-0.135547	0.486962
260	-0.85532	-0.135547	0.486962
260	-0.855858	-0.13706	0.489061
260	-0.855858	-0.13706	0.489061
260	-0.855858	-0.13706	0.489061
270	-0.855858	-0.13706	0.489061
270	-0.855858	-0.13706	0.489061
270	-0.856883	-0.141504	0.488378
270	-0.856883	-0.141504	0.488378
270	-0.856883	-0.141504	0.488378
280	-0.856883	-0.141504	0.488378
280	-0.856883	-0.141504	0.488378
280	-0.856493	-0.142871	0.487402
280	-0.856493	-0.142871	0.487402
280	-0.856493	-0.142871	0.487402
290	-0.856493	-0.142871	0.487402
290	-0.856493	-0.142871	0.487402
290	-0.855663	-0.143213	0.487255
290	-0.855663	-0.143213	0.487255
290	-0.855663	-0.143213	0.487255
300	-0.855663	-0.143213	0.487255
300	-0.855663	-0.143213	0.487255
300	-0.856493	-0.142431	0.486816
300	-0.856493	-0.142431	0.486816
300	-0.856493	-0.142431	0.486816
310	-0.856493	-0.142431	0.486816
310	-0.856493	-0.142431	0.486816
310	-0.85366	-0.140185	0.486132
310	-0.85366	-0.140185	0.486132
310	-0.85366	-0.140185	0.486132
320	-0.85366	-0.140185	0.486132
320	-0.85366	-0.140185	0.486132
320	-0.853123	-0.140918	0.484764
320	-0.853123	-0.140918	0.484764
320	-0.853123	-0.140918	0.484764
330	-0.853123	-0.140918	0.484764
330	-0.853123	-0.140918	0.484764
330	-0.853757	-0.139648	0.487791
330	-0.853757	-0.139648	0.487791
330	-0.853757	-0.139648	0.487791
340	-0.853757	-0.139648	0.487791
340	-0.853757	-0.139648	0.487791
340	-0.85195	-0.139501	0.486522
340	-0.85195	-0.139501	0.486522
340	-0.85195	-0.139501	0.486522
350	-0.85195	-0.139501	0.486522
350	-0.85195	-0.139501	0.486522
350	-0.850192	-0.139746	0.483201
350	-0.850192	-0.139746	0.483201
350	-0.850192	-0.139746	0.483201
360	-0.850192	-0.139746	0.483201
360	-0.850192	-0.139746	0.483201
360	-0.852048	-0.138525	0.48535
360	-0.852048	-0.138525	0.48535
360	-0.852048	-0.138525	0.48535
370	-0.852048	-0.138525	0.48535
370	-0.852048	-0.138525	0.48535
370	-0.851365	-0.136377	0.485204
370	-0.851365	-0.136377	0.485204
370	-0.851365	-0.136377	0.485204
380	-0.851365	-0.136377	0.485204
380	-0.851365	-0.136377	0.485204
380	-0.851804	-0.135009	0.485057
380	-0.851804	-0.135009	0.485057
380	-0.851804	-0.135009	0.485057
390	-0.851804	-0.135009	0.485057
390	-0.851804	-0.135009	0.485057
390	-0.85449	-0.1333	0.486864
390	-0.85449	-0.1333	0.486864
390	-0.85449	-0.1333	0.486864
400	-0.85449	-0.1333	0.486864
400	-0.85449	-0.1333	0.486864
400	-0.855467	-0.132568	0.490087
400	-0.855467	-0.132568	0.490087
400	-0.855467	-0.132568	0.490087
410	-0.855467	-0.132568	0.490087
410	-0.855467	-0.132568	0.490087
410	-0.854783	-0.13667	0.488378
410	-0.854783	-0.13667	0.488378
410	-0.854783	-0.13667	0.488378
420	-0.854783	-0.13667	0.488378
420	-0.854783	-0.13667	0.488378
420	-0.854442	-0.136035	0.488036
420	-0.854442	-0.136035	0.488036
420	-0.854442	-0.136035	0.488036
430	-0.854442	-0.136035	0.488036
430	-0.854442	-0.136035	0.488036
430	-0.855174	-0.137451	0.487401
430	-0.855174	-0.137451	0.487401
430	-0.855174	-0.137451	0.487401
440	-0.855174	-0.137451	0.487401
440	-0.855174	-0.137451	0.487401
440	-0.853563	-0.140039	0.486572
440	-0.853563	-0.140039	0.486572
440	-0.853563	-0.140039	0.486572
450	-0.853563	-0.140039	0.486572
450	-0.853563	-0.140039	0.486572
450	-0.853807	-0.141162	0.483642
450	-0.853807	-0.141162	0.483642
450	-0.853807	-0.141162	0.483642
460	-0.853807	-0.141162	0.483642
460	-0.853807	-0.141162	0.483642
460	-0.853563	-0.137402	0.483886
460	-0.853563	-0.137402	0.483886
460	-0.853563	-0.137402	0.483886
470	-0.853563	-0.137402	0.483886
470	-0.853563	-0.137402	0.483886
470	-0.854979	-0.137695	0.4833
470	-0.854979	-0.137695	0.4833
470	-0.854979	-0.137695	0.4833
480	-0.854979	-0.137695	0.4833
480	-0.854979	-0.137695	0.4833
480	-0.854636	-0.137109	0.479979
480	-0.854636	-0.137109	0.479979
480	-0.854636	-0.137109	0.479979
490	-0.854636	-0.137109	0.479979
490	-0.854636	-0.137109	0.479979
490	-0.855417	-0.137158	0.480565
490	-0.855417	-0.137158	0.480565
490	-0.855417	-0.137158	0.480565
500	-0.855417	-0.137158	0.480565
500	-0.855417	-0.137158	0.480565
500	-0.853171	-0.139843	0.482762
500	-0.853171	-0.139843	0.482762
500	-0.853171	-0.139843	0.482762
510	-0.853171	-0.139843	0.482762
510	-0.853171	-0.139843	0.482762
510	-0.851999	-0.143945	0.48203
510	-0.851999	-0.143945	0.48203
510	-0.851999	-0.143945	0.48203
520	-0.851999	-0.143945	0.48203
520	-0.851999	-0.143945	0.48203
520	-0.850486	-0.144189	0.484227
520	-0.850486	-0.144189	0.484227
520	-0.850486	-0.144189	0.484227
530	-0.850486	-0.144189	0.484227
530	-0.850486	-0.144189	0.484227
530	-0.850925	-0.144238	0.487987
530	-0.850925	-0.144238	0.487987
530	-0.850925	-0.144238	0.487987
540	-0.850925	-0.144238	0.487987
540	-0.850925	-0.144238	0.487987
540	-0.85117	-0.143506	0.483837
540	-0.85117	-0.143506	0.483837
540	-0.85117	-0.143506	0.483837
550	-0.85117	-0.143506	0.483837
550	-0.85117	-0.143506	0.483837
550	-0.853026	-0.138672	0.486522
550	-0.853026	-0.138672	0.486522
550	-0.853026	-0.138672	0.486522
560	-0.853026	-0.138672	0.486522
560	-0.853026	-0.138672	0.486522
560	-0.855956	-0.136767	0.486767
560	-0.855956	-0.136767	0.486767
560	-0.855956	-0.136767	0.486767
570	-0.855956	-0.136767	0.486767
570	-0.855956	-0.136767	0.486767
570	-0.856298	-0.135351	0.488622
570	-0.856298	-0.135351	0.488622
570	-0.856298	-0.135351	0.488622
580	-0.856298	-0.135351	0.488622
580	-0.856298	-0.135351	0.488622
580	-0.854833	-0.135058	0.484374
580	-0.854833	-0.135058	0.484374
580	-0.854833	-0.135058	0.484374
590	-0.854833	-0.135058	0.484374
590	-0.854833	-0.135058	0.484374
590	-0.853905	-0.135693	0.487304
590	-0.853905	-0.135693	0.487304
590	-0.853905	-0.135693	0.487304
600	-0.853905	-0.135693	0.487304
600	-0.853905	-0.135693	0.487304
600	-0.853905	-0.136084	0.485693
600	-0.853905	-0.136084	0.485693
600	-0.853905	-0.136084	0.485693
610	-0.853905	-0.136084	0.485693
610	-0.853905	-0.136084	0.485693
610	-0.85366	-0.135449	0.484814
610	-0.85366	-0.135449	0.484814
610	-0.85366	-0.135449	0.484814
620	-0.85366	-0.135449	0.484814
620	-0.85366	-0.135449	0.484814
620	-0.853221	-0.137158	0.482763
620	-0.853221	-0.137158	0.482763
620	-0.853221	-0.137158	0.482763
630	-0.853221	-0.137158	0.482763
630	-0.853221	-0.137158	0.482763
630	-0.853953	-0.137793	0.488426
630	-0.853953	-0.137793	0.488426
630	-0.853953	-0.137793	0.488426
640	-0.853953	-0.137793	0.488426
640	-0.853953	-0.137793	0.488426
640	-0.855125	-0.138574	0.487596
640	-0.855125	-0.138574	0.487596
640	-0.855125	-0.138574	0.487596
650	-0.855125	-0.138574	0.487596
650	-0.855125	-0.138574	0.487596
650	-0.855564	-0.140332	0.486766
650	-0.855564	-0.140332	0.486766
650	-0.855564	-0.140332	0.486766
660	-0.855564	-0.140332	0.486766
660	-0.855564	-0.140332	0.486766
660	-0.854734	-0.140381	0.487352
660	-0.854734	-0.140381	0.487352
660	-0.854734	-0.140381	0.487352
670	-0.854734	-0.140381	0.487352
670	-0.854734	-0.140381	0.487352
670	-0.856346	-0.140088	0.486962
670	-0.856346	-0.140088	0.486962
670	-0.856346	-0.140088	0.486962
680	-0.856346	-0.140088	0.486962
680	-0.856346	-0.140088	0.486962
680	-0.856932	-0.140185	0.485351
680	-0.856932	-0.140185	0.485351
680	-0.856932	-0.140185	0.485351
690	-0.856932	-0.140185	0.485351
690	-0.856932	-0.140185	0.485351
690	-0.860106	-0.139941	0.487792
690	-0.860106	-0.139941	0.487792
690	-0.860106	-0.139941	0.487792
700	-0.860106	-0.139941	0.487792
700	-0.860106	-0.139941	0.487792
700	-0.860008	-0.136767	0.489306
700	-0.860008	-0.136767	0.489306
700	-0.860008	-0.136767	0.489306
710	-0.860008	-0.136767	0.489306
710	-0.860008	-0.136767	0.489306
710	-0.860643	-0.137402	0.49082
710	-0.860643	-0.137402	0.49082
710	-0.860643	-0.137402	0.49082
720	-0.860643	-0.137402	0.49082
720	-0.860643	-0.137402	0.49082
720	-0.861474	-0.137939	0.491796
720	-0.861474	-0.137939	0.491796
720	-0.861474	-0.137939	0.491796
730	-0.861474	-0.137939	0.491796
730	-0.861474	-0.137939	0.491796
730	-0.861278	-0.137549	0.492382
730	-0.861278	-0.137549	0.492382
730	-0.861278	-0.137549	0.492382
740	-0.861278	-0.137549	0.492382
740	-0.861278	-0.137549	0.492382
740	-0.858446	-0.137012	0.489697
740	-0.858446	-0.137012	0.489697
740	-0.858446	-0.137012	0.489697
750	-0.858446	-0.137012	0.489697
750	-0.858446	-0.137012	0.489697
750	-0.857176	-0.137451	0.488525
750	-0.857176	-0.137451	0.488525
750	-0.857176	-0.137451	0.488525
760	-0.857176	-0.137451	0.488525
760	-0.857176	-0.137451	0.488525
760	-0.856395	-0.137451	0.486474
760	-0.856395	-0.137451	0.486474
760	-0.856395	-0.137451	0.486474
770	-0.856395	-0.137451	0.486474
770	-0.856395	-0.137451	0.486474
770	-0.856248	-0.135498	0.485546
770	-0.856248	-0.135498	0.485546
770	-0.856248	-0.135498	0.485546
780	-0.856248	-0.135498	0.485546
780	-0.856248	-0.135498	0.485546
780	-0.854197	-0.135595	0.485301
780	-0.854197	-0.135595	0.485301
780	-0.854197	-0.135595	0.485301
790	-0.854197	-0.135595	0.485301
790	-0.854197	-0.135595	0.485301
790	-0.852927	-0.135644	0.487157
790	-0.852927	-0.135644	0.487157
790	-0.852927	-0.135644	0.487157
800	-0.852927	-0.135644	0.487157
800	-0.852927	-0.135644	0.487157
800	-0.853073	-0.137988	0.486522
800	-0.853073	-0.137988	0.486522
800	-0.853073	-0.137988	0.486522
810	-0.853073	-0.137988	0.486522
810	-0.853073	-0.137988	0.486522
810	-0.852292	-0.137158	0.486912
810	-0.852292	-0.137158	0.486912
810	-0.852292	-0.137158	0.486912
820	-0.852292	-0.137158	0.486912
820	-0.852292	-0.137158	0.486912
820	-0.851071	-0.13789	0.485838
820	-0.851071	-0.13789	0.485838
820	-0.851071	-0.13789	0.485838
830	-0.851071	-0.13789	0.485838
830	-0.851071	-0.13789	0.485838
830	-0.851853	-0.141308	0.484959
830	-0.851853	-0.141308	0.484959
830	-0.851853	-0.141308	0.484959
840	-0.851853	-0.141308	0.484959
840	-0.851853	-0.141308	0.484959
840	-0.85156	-0.140625	0.485008
840	-0.85156	-0.140625	0.485008
840	-0.85156	-0.140625	0.485008
850	-0.85156	-0.140625	0.485008
850	-0.85156	-0.140625	0.485008
850	-0.852048	-0.138086	0.486131
850	-0.852048	-0.138086	0.486131
850	-0.852048	-0.138086	0.486131
860	-0.852048	-0.138086	0.486131
860	-0.852048	-0.138086	0.486131
860	-0.852928	-0.137695	0.486278
860	-0.852928	-0.137695	0.486278
860	-0.852928	-0.137695	0.486278
870	-0.852928	-0.137695	0.486278
870	-0.852928	-0.137695	0.486278
870	-0.851853	-0.138916	0.487548
870	-0.851853	-0.138916	0.487548
870	-0.851853	-0.138916	0.487548
880	-0.851853	-0.138916	0.487548
880	-0.851853	-0.138916	0.487548
880	-0.85283	-0.135888	0.485839
880	-0.85283	-0.135888	0.485839
880	-0.85283	-0.135888	0.485839
890	-0.85283	-0.135888	0.485839
890	-0.85283	-0.135888	0.485839
890	-0.853758	-0.136865	0.485937
890	-0.853758	-0.136865	0.485937
890	-0.853758	-0.136865	0.485937
900	-0.853758	-0.136865	0.485937
900	-0.853758	-0.136865	0.485937
900	-0.853905	-0.138672	0.484618
900	-0.853905	-0.138672	0.484618
900	-0.853905	-0.138672	0.484618
910	-0.853905	-0.138672	0.484618
910	-0.853905	-0.138672	0.484618
910	-0.854735	-0.138135	0.485937
910	-0.854735	-0.138135	0.485937
910	-0.854735	-0.138135	0.485937
920	-0.854735	-0.138135	0.485937
920	-0.854735	-0.138135	0.485937
920	-0.855711	-0.136035	0.487011
920	-0.855711	-0.136035	0.487011
920	-0.855711	-0.136035	0.487011
930	-0.855711	-0.136035	0.487011
930	-0.855711	-0.136035	0.487011
930	-0.854734	-0.13916	0.489891
930	-0.854734	-0.13916	0.489891
930	-0.854734	-0.13916	0.489891
940	-0.854734	-0.13916	0.489891
940	-0.854734	-0.13916	0.489891
940	-0.85532	-0.142089	0.489891
940	-0.85532	-0.142089	0.489891
940	-0.85532	-0.142089	0.489891
950	-0.85532	-0.142089	0.489891
950	-0.85532	-0.142089	0.489891
950	-0.854343	-0.143701	0.489305
950	-0.854343	-0.143701	0.489305
950	-0.854343	-0.143701	0.489305
960	-0.854343	-0.143701	0.489305
960	-0.854343	-0.143701	0.489305
960	-0.855075	-0.147314	0.487987
960	-0.855075	-0.147314	0.487987
960	-0.855075	-0.147314	0.487987
970	-0.855075	-0.147314	0.487987
970	-0.855075	-0.147314	0.487987
970	-0.854099	-0.149267	0.488036
970	-0.854099	-0.149267	0.488036
970	-0.854099	-0.149267	0.488036
980	-0.854099	-0.149267	0.488036
980	-0.854099	-0.149267	0.488036
980	-0.854148	-0.145849	0.487157
980	-0.854148	-0.145849	0.487157
980	-0.854148	-0.145849	0.487157
990	-0.854148	-0.145849	0.487157
990	-0.854148	-0.145849	0.487157
990	-0.853611	-0.142675	0.487352
990	-0.853611	-0.142675	0.487352
990	-0.853611	-0.142675	0.487352
1000	-0.853611	-0.142675	0.487352
1000	-0.853611	-0.142675	0.487352
1000	-0.855125	-0.140332	0.488622
1000	-0.855125	-0.140332	0.488622
1000	-0.855125	-0.140332	0.488622
1010	-0.855125	-0.140332	0.488622
1010	-0.855125	-0.140332	0.488622
1010	-0.854393	-0.139648	0.491112
1010	-0.854393	-0.139648	0.491112
1010	-0.854393	-0.139648	0.491112
1020	-0.854393	-0.139648	0.491112
1020	-0.854393	-0.139648	0.491112
1020	-0.855516	-0.139306	0.492284
1020	-0.855516	-0.139306	0.492284
1020	-0.855516	-0.139306	0.492284
1030	-0.855516	-0.139306	0.492284
1030	-0.855516	-0.139306	0.492284
1030	-0.855955	-0.138916	0.493017
1030	-0.855955	-0.138916	0.493017
1030	-0.855955	-0.138916	0.493017
1040	-0.855955	-0.138916	0.493017
1040	-0.855955	-0.138916	0.493017
1040	-0.856737	-0.139453	0.494677
1040	-0.856737	-0.139453	0.494677
1040	-0.856737	-0.139453	0.494677
1050	-0.856737	-0.139453	0.494677
1050	-0.856737	-0.139453	0.494677
1050	-0.85659	-0.140722	0.493261
1050	-0.85659	-0.140722	0.493261
1050	-0.85659	-0.140722	0.493261
1060	-0.85659	-0.140722	0.493261
1060	-0.85659	-0.140722	0.493261
1060	-0.856737	-0.139892	0.492968
1060	-0.856737	-0.139892	0.492968
1060	-0.856737	-0.139892	0.492968
1070	-0.856737	-0.139892	0.492968
1070	-0.856737	-0.139892	0.492968
1070	-0.856981	-0.142529	0.491552
1070	-0.856981	-0.142529	0.491552
1070	-0.856981	-0.142529	0.491552
1080	-0.856981	-0.142529	0.491552
1080	-0.856981	-0.142529	0.491552
1080	-0.856639	-0.142529	0.489257
1080	-0.856639	-0.142529	0.489257
1080	-0.856639	-0.142529	0.489257
1090	-0.856639	-0.142529	0.489257
1090	-0.856639	-0.142529	0.489257
1090	-0.856345	-0.143017	0.487108
1090	-0.856345	-0.143017	0.487108
1090	-0.856345	-0.143017	0.487108
1100	-0.856345	-0.143017	0.487108
1100	-0.856345	-0.143017	0.487108
1100	-0.856101	-0.142285	0.48784
1100	-0.856101	-0.142285	0.48784
1100	-0.856101	-0.142285	0.48784
1110	-0.856101	-0.142285	0.48784
1110	-0.856101	-0.142285	0.48784
1110	-0.854733	-0.144482	0.486473
1110	-0.854733	-0.144482	0.486473
1110	-0.854733	-0.144482	0.486473
1120	-0.854733	-0.144482	0.486473
1120	-0.854733	-0.144482	0.486473
1120	-0.85405	-0.140527	0.484129
1120	-0.85405	-0.140527	0.484129
1120	-0.85405	-0.140527	0.484129
1130	-0.85405	-0.140527	0.484129
1130	-0.85405	-0.140527	0.484129
1130	-0.854392	-0.141503	0.486912
1130	-0.854392	-0.141503	0.486912
1130	-0.854392	-0.141503	0.486912
1140	-0.854392	-0.141503	0.486912
1140	-0.854392	-0.141503	0.486912
1140	-0.85405	-0.138086	0.483885
1140	-0.85405	-0.138086	0.483885
1140	-0.85405	-0.138086	0.483885
1150	-0.85405	-0.138086	0.483885
1150	-0.85405	-0.138086	0.483885
1150	-0.85366	-0.139648	0.483934
1150	-0.85366	-0.139648	0.483934
1150	-0.85366	-0.139648	0.483934
1160	-0.85366	-0.139648	0.483934
1160	-0.85366	-0.139648	0.483934
1160	-0.853269	-0.135644	0.484227
1160	-0.853269	-0.135644	0.484227
1160	-0.853269	-0.135644	0.484227
1170	-0.853269	-0.135644	0.484227
1170	-0.853269	-0.135644	0.484227
1170	-0.853904	-0.136865	0.485448
1170	-0.853904	-0.136865	0.485448
1170	-0.853904	-0.136865	0.485448
1180	-0.853904	-0.136865	0.485448
1180	-0.853904	-0.136865	0.485448
1180	-0.853172	-0.135986	0.480468
1180	-0.853172	-0.135986	0.480468
1180	-0.853172	-0.135986	0.480468
1190	-0.853172	-0.135986	0.480468
1190	-0.853172	-0.135986	0.480468
1190	-0.853709	-0.138965	0.484716
1190	-0.853709	-0.138965	0.484716
1190	-0.853709	-0.138965	0.484716
1200	-0.853709	-0.138965	0.484716
1200	-0.853709	-0.138965	0.484716
1200	-0.85327	-0.138574	0.484667
1200	-0.85327	-0.138574	0.484667
1200	-0.85327	-0.138574	0.484667
1210	-0.85327	-0.138574	0.484667
1210	-0.85327	-0.138574	0.484667
1210	-0.854198	-0.137158	0.4833
1210	-0.854198	-0.137158	0.4833
1210	-0.854198	-0.137158	0.4833
1220	-0.854198	-0.137158	0.4833
1220	-0.854198	-0.137158	0.4833
1220	-0.854344	-0.134961	0.484179
1220	-0.854344	-0.134961	0.484179
1220	-0.854344	-0.134961	0.484179
1230	-0.854344	-0.134961	0.484179
1230	-0.854344	-0.134961	0.484179
1230	-0.855272	-0.136133	0.486425
1230	-0.855272	-0.136133	0.486425
1230	-0.855272	-0.136133	0.486425
1240	-0.855272	-0.136133	0.486425
1240	-0.855272	-0.136133	0.486425
1240	-0.854247	-0.13501	0.484863
1240	-0.854247	-0.13501	0.484863
1240	-0.854247	-0.13501	0.484863
1250	-0.854247	-0.13501	0.484863
1250	-0.854247	-0.13501	0.484863
1250	-0.855614	-0.134521	0.485888
1250	-0.855614	-0.134521	0.485888
1250	-0.855614	-0.134521	0.485888
1260	-0.855614	-0.134521	0.485888
1260	-0.855614	-0.134521	0.485888
1260	-0.855467	-0.1375	0.488525
1260	-0.855467	-0.1375	0.488525
1260	-0.855467	-0.1375	0.488525
1270	-0.855467	-0.1375	0.488525
1270	-0.855467	-0.1375	0.488525
1270	-0.854979	-0.138134	0.488524
1270	-0.854979	-0.138134	0.488524
1270	-0.854979	-0.138134	0.488524
1280	-0.854979	-0.138134	0.488524
1280	-0.854979	-0.138134	0.488524
1280	-0.854734	-0.13667	0.487596
1280	-0.854734	-0.13667	0.487596
1280	-0.854734	-0.13667	0.487596
1290	-0.854734	-0.13667	0.487596
1290	-0.854734	-0.13667	0.487596
1290	-0.853513	-0.138086	0.487401
1290	-0.853513	-0.138086	0.487401
1290	-0.853513	-0.138086	0.487401
1300	-0.853513	-0.138086	0.487401
1300	-0.853513	-0.138086	0.487401
1300	-0.852536	-0.138916	0.48701
1300	-0.852536	-0.138916	0.48701
1300	-0.852536	-0.138916	0.48701
1310	-0.852536	-0.138916	0.48701
1310	-0.852536	-0.138916	0.48701
1310	-0.852781	-0.138037	0.487401
1310	-0.852781	-0.138037	0.487401
1310	-0.852781	-0.138037	0.487401
1320	-0.852781	-0.138037	0.487401
1320	-0.852781	-0.138037	0.487401
1320	-0.852488	-0.13916	0.483739
1320	-0.852488	-0.13916	0.483739
1320	-0.852488	-0.13916	0.483739
1330	-0.852488	-0.13916	0.483739
1330	-0.852488	-0.13916	0.483739
1330	-0.852195	-0.140088	0.48535
1330	-0.852195	-0.140088	0.48535
1330	-0.852195	-0.140088	0.48535
1340	-0.852195	-0.140088	0.48535
1340	-0.852195	-0.140088	0.48535
1340	-0.854295	-0.138672	0.48413
1340	-0.854295	-0.138672	0.48413
1340	-0.854295	-0.138672	0.48413
1350	-0.854295	-0.138672	0.48413
1350	-0.854295	-0.138672	0.48413
1350	-0.853074	-0.1375	0.484667
1350	-0.853074	-0.1375	0.484667
1350	-0.853074	-0.1375	0.484667
1360	-0.853074	-0.1375	0.484667
1360	-0.853074	-0.1375	0.484667
1360	-0.853563	-0.13706	0.480761
1360	-0.853563	-0.13706	0.480761
1360	-0.853563	-0.13706	0.480761
1370	-0.853563	-0.13706	0.480761
1370	-0.853563	-0.13706	0.480761
1370	-0.857323	-0.137988	0.483495
1370	-0.857323	-0.137988	0.483495
1370	-0.857323	-0.137988	0.483495
1380	-0.857323	-0.137988	0.483495
1380	-0.857323	-0.137988	0.483495
1380	-0.861034	-0.136474	0.483544
1380	-0.861034	-0.136474	0.483544
1380	-0.861034	-0.136474	0.483544
1390	-0.861034	-0.136474	0.483544
1390	-0.861034	-0.136474	0.483544
1390	-0.860692	-0.137256	0.484667
1390	-0.860692	-0.137256	0.484667
1390	-0.860692	-0.137256	0.484667
1400	-0.860692	-0.137256	0.484667
1400	-0.860692	-0.137256	0.484667
1400	-0.86289	-0.138525	0.484423
1400	-0.86289	-0.138525	0.484423
1400	-0.86289	-0.138525	0.484423
1410	-0.86289	-0.138525	0.484423
1410	-0.86289	-0.138525	0.484423
1410	-0.86284	-0.139209	0.485058
1410	-0.86284	-0.139209	0.485058
1410	-0.86284	-0.139209	0.485058
1420	-0.86284	-0.139209	0.485058
1420	-0.86284	-0.139209	0.485058
1420	-0.85952	-0.137939	0.485302
1420	-0.85952	-0.137939	0.485302
1420	-0.85952	-0.137939	0.485302
1430	-0.85952	-0.137939	0.485302
1430	-0.85952	-0.137939	0.485302
1430	-0.854978	-0.138427	0.486083
1430	-0.854978	-0.138427	0.486083
1430	-0.854978	-0.138427	0.486083
1440	-0.854978	-0.138427	0.486083
1440	-0.854978	-0.138427	0.486083
1440	-0.856101	-0.137597	0.487401
1440	-0.856101	-0.137597	0.487401
1440	-0.856101	-0.137597	0.487401
1450	-0.856101	-0.137597	0.487401
1450	-0.856101	-0.137597	0.487401
1450	-0.856003	-0.134277	0.486717
1450	-0.856003	-0.134277	0.486717
1450	-0.856003	-0.134277	0.486717
1460	-0.856003	-0.134277	0.486717
1460	-0.856003	-0.134277	0.486717
1460	-0.855124	-0.134716	0.488915
1460	-0.855124	-0.134716	0.488915
1460	-0.855124	-0.134716	0.488915
1470	-0.855124	-0.134716	0.488915
1470	-0.855124	-0.134716	0.488915
1470	-0.854587	-0.135546	0.489305
1470	-0.854587	-0.135546	0.489305
1470	-0.854587	-0.135546	0.489305
1480	-0.854587	-0.135546	0.489305
1480	-0.854587	-0.135546	0.489305
1480	-0.855759	-0.13789	0.488133
1480	-0.855759	-0.13789	0.488133
1480	-0.855759	-0.13789	0.488133
1490	-0.855759	-0.13789	0.488133
1490	-0.855759	-0.13789	0.488133
1490	-0.854685	-0.136035	0.486132
1490	-0.854685	-0.136035	0.486132
1490	-0.854685	-0.136035	0.486132
1500	-0.854685	-0.136035	0.486132
1500	-0.854685	-0.136035	0.486132
1500	-0.853123	-0.138379	0.485546
1500	-0.853123	-0.138379	0.485546
1500	-0.853123	-0.138379	0.485546
1510	-0.853123	-0.138379	0.485546
1510	-0.853123	-0.138379	0.485546
1510	-0.854393	-0.139258	0.482616
1510	-0.854393	-0.139258	0.482616
1510	-0.854393	-0.139258	0.482616
1520	-0.854393	-0.139258	0.482616
1520	-0.854393	-0.139258	0.482616
1520	-0.855077	-0.13623	0.482958
1520	-0.855077	-0.13623	0.482958
1520	-0.855077	-0.13623	0.482958
1530	-0.855077	-0.13623	0.482958
1530	-0.855077	-0.13623	0.482958
1530	-0.854149	-0.136035	0.482079
1530	-0.854149	-0.136035	0.482079
1530	-0.854149	-0.136035	0.482079
1540	-0.854149	-0.136035	0.482079
1540	-0.854149	-0.136035	0.482079
1540	-0.856151	-0.139404	0.484033
1540	-0.856151	-0.139404	0.484033
1540	-0.856151	-0.139404	0.484033
1550	-0.856151	-0.139404	0.484033
1550	-0.856151	-0.139404	0.484033
1550	-0.857714	-0.14043	0.481591
1550	-0.857714	-0.14043	0.481591
1550	-0.857714	-0.14043	0.481591
1560	-0.857714	-0.14043	0.481591
1560	-0.857714	-0.14043	0.481591
1560	-0.85659	-0.138916	0.485107
1560	-0.85659	-0.138916	0.485107
1560	-0.85659	-0.138916	0.485107
1570	-0.85659	-0.138916	0.485107
1570	-0.85659	-0.138916	0.485107
1570	-0.857078	-0.140918	0.484716
1570	-0.857078	-0.140918	0.484716
1570	-0.857078	-0.140918	0.484716
1580	-0.857078	-0.140918	0.484716
1580	-0.857078	-0.140918	0.484716
1580	-0.860838	-0.140283	0.486718
1580	-0.860838	-0.140283	0.486718
1580	-0.860838	-0.140283	0.486718
1590	-0.860838	-0.140283	0.486718
1590	-0.860838	-0.140283	0.486718
1590	-0.859031	-0.141748	0.482811
1590	-0.859031	-0.141748	0.482811
1590	-0.859031	-0.141748	0.482811
1600	-0.859031	-0.141748	0.482811
1600	-0.859031	-0.141748	0.482811
1600	-0.859421	-0.141894	0.486912
1600	-0.859421	-0.141894	0.486912
1600	-0.859421	-0.141894	0.486912
1610	-0.859421	-0.141894	0.486912
1610	-0.859421	-0.141894	0.486912
1610	-0.859958	-0.142627	0.487499
1610	-0.859958	-0.142627	0.487499
1610	-0.859958	-0.142627	0.487499
1620	-0.859958	-0.142627	0.487499
1620	-0.859958	-0.142627	0.487499
1620	-0.858836	-0.143505	0.487059
1620	-0.858836	-0.143505	0.487059
1620	-0.858836	-0.143505	0.487059
1630	-0.858836	-0.143505	0.487059
1630	-0.858836	-0.143505	0.487059
1630	-0.855174	-0.142724	0.48579
1630	-0.855174	-0.142724	0.48579
1630	-0.855174	-0.142724	0.48579
1640	-0.855174	-0.142724	0.48579
1640	-0.855174	-0.142724	0.48579
1640	-0.855272	-0.140234	0.489061
1640	-0.855272	-0.140234	0.489061
1640	-0.855272	-0.140234	0.489061
1650	-0.855272	-0.140234	0.489061
1650	-0.855272	-0.140234	0.489061
1650	-0.854539	-0.140088	0.487939
1650	-0.854539	-0.140088	0.487939
1650	-0.854539	-0.140088	0.487939
1660	-0.854539	-0.140088	0.487939
1660	-0.854539	-0.140088	0.487939
1660	-0.854686	-0.140478	0.485985
1660	-0.854686	-0.140478	0.485985
1660	-0.854686	-0.140478	0.485985
1670	-0.854686	-0.140478	0.485985
1670	-0.854686	-0.140478	0.485985
1670	-0.855467	-0.140185	0.484667
1670	-0.855467	-0.140185	0.484667
1670	-0.855467	-0.140185	0.484667
1680	-0.855467	-0.140185	0.484667
1680	-0.855467	-0.140185	0.484667
1680	-0.856395	-0.140576	0.48623
1680	-0.856395	-0.140576	0.48623
1680	-0.856395	-0.140576	0.48623
1690	-0.856395	-0.140576	0.48623
1690	-0.856395	-0.140576	0.48623
1690	-0.856347	-0.140576	0.486474
1690	-0.856347	-0.140576	0.486474
1690	-0.856347	-0.140576	0.486474
1700	-0.856347	-0.140576	0.486474
1700	-0.856347	-0.140576	0.486474
1700	-0.856835	-0.140381	0.487011
1700	-0.856835	-0.140381	0.487011
1700	-0.856835	-0.140381	0.487011
1710	-0.856835	-0.140381	0.487011
1710	-0.856835	-0.140381	0.487011
1710	-0.857812	-0.142383	0.487011
1710	-0.857812	-0.142383	0.487011
1710	-0.857812	-0.142383	0.487011
1720	-0.857812	-0.142383	0.487011
1720	-0.857812	-0.142383	0.487011
1720	-0.85747	-0.14165	0.48916
1720	-0.85747	-0.14165	0.48916
1720	-0.85747	-0.14165	0.48916
1730	-0.85747	-0.14165	0.48916
1730	-0.85747	-0.14165	0.48916
1730	-0.856542	-0.14248	0.489941
1730	-0.856542	-0.14248	0.489941
1730	-0.856542	-0.14248	0.489941
1740	-0.856542	-0.14248	0.489941
1740	-0.856542	-0.14248	0.489941
1740	-0.856493	-0.142334	0.488769
1740	-0.856493	-0.142334	0.488769
1740	-0.856493	-0.142334	0.488769
1750	-0.856493	-0.142334	0.488769
1750	-0.856493	-0.142334	0.488769
1750	-0.856639	-0.139844	0.49082
1750	-0.856639	-0.139844	0.49082
1750	-0.856639	-0.139844	0.49082
1760	-0.856639	-0.139844	0.49082
1760	-0.856639	-0.139844	0.49082
1760	-0.85493	-0.137842	0.491112
1760	-0.85493	-0.137842	0.491112
1760	-0.85493	-0.137842	0.491112
1770	-0.85493	-0.137842	0.491112
1770	-0.85493	-0.137842	0.491112
1770	-0.855515	-0.138574	0.49038
1770	-0.855515	-0.138574	0.49038
1770	-0.855515	-0.138574	0.49038
1780	-0.855515	-0.138574	0.49038
1780	-0.855515	-0.138574	0.49038
1780	-0.859568	-0.136767	0.486522
1780	-0.859568	-0.136767	0.486522
1780	-0.859568	-0.136767	0.486522
1790	-0.859568	-0.136767	0.486522
1790	-0.859568	-0.136767	0.486522
1790	-0.859079	-0.134668	0.486522
1790	-0.859079	-0.134668	0.486522
1790	-0.859079	-0.134668	0.486522
1800	-0.859079	-0.134668	0.486522
1800	-0.859079	-0.134668	0.486522
1800	-0.856931	-0.136181	0.483348
1800	-0.856931	-0.136181	0.483348
1800	-0.856931	-0.136181	0.483348
1810	-0.856931	-0.136181	0.483348
1810	-0.856931	-0.136181	0.483348
1810	-0.857371	-0.13413	0.482225
1810	-0.857371	-0.13413	0.482225
1810	-0.857371	-0.13413	0.482225
1820	-0.857371	-0.13413	0.482225
1820	-0.857371	-0.13413	0.482225
1820	-0.856736	-0.132666	0.483495
1820	-0.856736	-0.132666	0.483495
1820	-0.856736	-0.132666	0.483495
1830	-0.856736	-0.132666	0.483495
1830	-0.856736	-0.132666	0.483495
1830	-0.853611	-0.132666	0.485448
1830	-0.853611	-0.132666	0.485448
1830	-0.853611	-0.132666	0.485448
1840	-0.853611	-0.132666	0.485448
1840	-0.853611	-0.132666	0.485448
1840	-0.854588	-0.134863	0.486864
1840	-0.854588	-0.134863	0.486864
1840	-0.854588	-0.134863	0.486864
1850	-0.854588	-0.134863	0.486864
1850	-0.854588	-0.134863	0.486864
1850	-0.854149	-0.135302	0.487401
1850	-0.854149	-0.135302	0.487401
1850	-0.854149	-0.135302	0.487401
1860	-0.854149	-0.135302	0.487401
1860	-0.854149	-0.135302	0.487401
1860	-0.854735	-0.136865	0.489306
1860	-0.854735	-0.136865	0.489306
1860	-0.854735	-0.136865	0.489306
1870	-0.854735	-0.136865	0.489306
1870	-0.854735	-0.136865	0.489306
1870	-0.855125	-0.137939	0.486815
1870	-0.855125	-0.137939	0.486815
1870	-0.855125	-0.137939	0.486815
1880	-0.855125	-0.137939	0.486815
1880	-0.855125	-0.137939	0.486815
1880	-0.854686	-0.138867	0.488525
1880	-0.854686	-0.138867	0.488525
1880	-0.854686	-0.138867	0.488525
1890	-0.854686	-0.138867	0.488525
1890	-0.854686	-0.138867	0.488525
1890	-0.854149	-0.139355	0.484863
1890	-0.854149	-0.139355	0.484863
1890	-0.854149	-0.139355	0.484863
1900	-0.854149	-0.139355	0.484863
1900	-0.854149	-0.139355	0.484863
1900	-0.856298	-0.140967	0.484228
1900	-0.856298	-0.140967	0.484228
1900	-0.856298	-0.140967	0.484228
1910	-0.856298	-0.140967	0.484228
1910	-0.856298	-0.140967	0.484228
1910	-0.857128	-0.141504	0.481494
1910	-0.857128	-0.141504	0.481494
1910	-0.857128	-0.141504	0.481494
1920	-0.857128	-0.141504	0.481494
1920	-0.857128	-0.141504	0.481494
1920	-0.857079	-0.141894	0.483935
1920	-0.857079	-0.141894	0.483935
1920	-0.857079	-0.141894	0.483935
1930	-0.857079	-0.141894	0.483935
1930	-0.857079	-0.141894	0.483935
1930	-0.856542	-0.141406	0.483203
1930	-0.856542	-0.141406	0.483203
1930	-0.856542	-0.141406	0.483203
1940	-0.856542	-0.141406	0.483203
1940	-0.856542	-0.141406	0.483203
1940	-0.855712	-0.141162	0.487548
1940	-0.855712	-0.141162	0.487548
1940	-0.855712	-0.141162	0.487548
1950	-0.855712	-0.141162	0.487548
1950	-0.855712	-0.141162	0.487548
1950	-0.855565	-0.139648	0.488915
1950	-0.855565	-0.139648	0.488915
1950	-0.855565	-0.139648	0.488915
1960	-0.855565	-0.139648	0.488915
1960	-0.855565	-0.139648	0.488915
1960	-0.85366	-0.138623	0.489061
1960	-0.85366	-0.138623	0.489061
1960	-0.85366	-0.138623	0.489061
1970	-0.85366	-0.138623	0.489061
1970	-0.85366	-0.138623	0.489061
1970	-0.853464	-0.138818	0.488817
1970	-0.853464	-0.138818	0.488817
1970	-0.853464	-0.138818	0.488817
1980	-0.853464	-0.138818	0.488817
1980	-0.853464	-0.138818	0.488817
1980	-0.854245	-0.140771	0.487547
1980	-0.854245	-0.140771	0.487547
1980	-0.854245	-0.140771	0.487547
1990	-0.854245	-0.140771	0.487547
1990	-0.854245	-0.140771	0.487547
1990	-0.85571	-0.141113	0.485106
1990	-0.85571	-0.141113	0.485106
1990	-0.85571	-0.141113	0.485106
2000	-0.85571	-0.141113	0.485106
2000	-0.85571	-0.141113	0.485106
2000	-0.856052	-0.140332	0.48452
2000	-0.856052	-0.140332	0.48452
2000	-0.856052	-0.140332	0.48452
2010	-0.856052	-0.140332	0.48452
2010	-0.856052	-0.140332	0.48452
2010	-0.856638	-0.140088	0.483983
2010	-0.856638	-0.140088	0.483983
2010	-0.856638	-0.140088	0.483983
2020	-0.856638	-0.140088	0.483983
2020	-0.856638	-0.140088	0.483983
2020	-0.857615	-0.140185	0.483104
2020	-0.857615	-0.140185	0.483104
2020	-0.857615	-0.140185	0.483104
2030	-0.857615	-0.140185	0.483104
2030	-0.857615	-0.140185	0.483104
2030	-0.859178	-0.139697	0.483544
2030	-0.859178	-0.139697	0.483544
2030	-0.859178	-0.139697	0.483544
2040	-0.859178	-0.139697	0.483544
2040	-0.859178	-0.139697	0.483544
2040	-0.856346	-0.138574	0.485399
2040	-0.856346	-0.138574	0.485399
2040	-0.856346	-0.138574	0.485399
2050	-0.856346	-0.138574	0.485399
2050	-0.856346	-0.138574	0.485399
2050	-0.859178	-0.139209	0.484765
2050	-0.859178	-0.139209	0.484765
2050	-0.859178	-0.139209	0.484765
2060	-0.859178	-0.139209	0.484765
2060	-0.859178	-0.139209	0.484765
2060	-0.859129	-0.139453	0.48623
2060	-0.859129	-0.139453	0.48623
2060	-0.859129	-0.139453	0.48623
2070	-0.859129	-0.139453	0.48623
2070	-0.859129	-0.139453	0.48623
2070	-0.857567	-0.139795	0.484618
2070	-0.857567	-0.139795	0.484618
2070	-0.857567	-0.139795	0.484618
2080	-0.857567	-0.139795	0.484618
2080	-0.857567	-0.139795	0.484618
2080	-0.856542	-0.138867	0.481591
2080	-0.856542	-0.138867	0.481591
2080	-0.856542	-0.138867	0.481591
2090	-0.856542	-0.138867	0.481591
2090	-0.856542	-0.138867	0.481591
2090	-0.859032	-0.139844	0.477392
2090	-0.859032	-0.139844	0.477392
2090	-0.859032	-0.139844	0.477392
2100	-0.859032	-0.139844	0.477392
2100	-0.859032	-0.139844	0.477392
2100	-0.855956	-0.138379	0.479345
2100	-0.855956	-0.138379	0.479345
2100	-0.855956	-0.138379	0.479345
2110	-0.855956	-0.138379	0.479345
2110	-0.855956	-0.138379	0.479345
2110	-0.859032	-0.141797	0.479687
2110	-0.859032	-0.141797	0.479687
2110	-0.859032	-0.141797	0.479687
2120	-0.859032	-0.141797	0.479687
2120	-0.859032	-0.141797	0.479687
2120	-0.859471	-0.142578	0.480615
2120	-0.859471	-0.142578	0.480615
2120	-0.859471	-0.142578	0.480615
2130	-0.859471	-0.142578	0.480615
2130	-0.859471	-0.142578	0.480615
2130	-0.858543	-0.141992	0.482665
2130	-0.858543	-0.141992	0.482665
2130	-0.858543	-0.141992	0.482665
2140	-0.858543	-0.141992	0.482665
2140	-0.858543	-0.141992	0.482665
2140	-0.858348	-0.141504	0.486181
2140	-0.858348	-0.141504	0.486181
2140	-0.858348	-0.141504	0.486181
2150	-0.858348	-0.141504	0.486181
2150	-0.858348	-0.141504	0.486181
2150	-0.857029	-0.142529	0.484032
2150	-0.857029	-0.142529	0.484032
2150	-0.857029	-0.142529	0.484032
2160	-0.857029	-0.142529	0.484032
2160	-0.857029	-0.142529	0.484032
2160	-0.851853	-0.139502	0.485399
2160	-0.851853	-0.139502	0.485399
2160	-0.851853	-0.139502	0.485399
2170	-0.851853	-0.139502	0.485399
2170	-0.851853	-0.139502	0.485399
2170	-0.851072	-0.137988	0.488573
2170	-0.851072	-0.137988	0.488573
2170	-0.851072	-0.137988	0.488573
2180	-0.851072	-0.137988	0.488573
2180	-0.851072	-0.137988	0.488573
2180	-0.851365	-0.139795	0.489598
2180	-0.851365	-0.139795	0.489598
2180	-0.851365	-0.139795	0.489598
2190	-0.851365	-0.139795	0.489598
2190	-0.851365	-0.139795	0.489598
2190	-0.850095	-0.140332	0.489452
2190	-0.850095	-0.140332	0.489452
2190	-0.850095	-0.140332	0.489452
2200	-0.850095	-0.140332	0.489452
2200	-0.850095	-0.140332	0.489452
2200	-0.849754	-0.143261	0.488866
2200	-0.849754	-0.143261	0.488866
2200	-0.849754	-0.143261	0.488866
2210	-0.849754	-0.143261	0.488866
2210	-0.849754	-0.143261	0.488866
2210	-0.851219	-0.143798	0.486766
2210	-0.851219	-0.143798	0.486766
2210	-0.851219	-0.143798	0.486766
2220	-0.851219	-0.143798	0.486766
2220	-0.851219	-0.143798	0.486766
2220	-0.851219	-0.143994	0.483397
2220	-0.851219	-0.143994	0.483397
2220	-0.851219	-0.143994	0.483397
2230	-0.851219	-0.143994	0.483397
2230	-0.851219	-0.143994	0.483397
2230	-0.850584	-0.14292	0.483935
2230	-0.850584	-0.14292	0.483935
2230	-0.850584	-0.14292	0.483935
2240	-0.850584	-0.14292	0.483935
2240	-0.850584	-0.14292	0.483935
2240	-0.851414	-0.140527	0.485204
2240	-0.851414	-0.140527	0.485204
2240	-0.851414	-0.140527	0.485204
2250	-0.851414	-0.140527	0.485204
2250	-0.851414	-0.140527	0.485204
2250	-0.852782	-0.138086	0.483202
2250	-0.852782	-0.138086	0.483202
2250	-0.852782	-0.138086	0.483202
2260	-0.852782	-0.138086	0.483202
2260	-0.852782	-0.138086	0.483202
2260	-0.854295	-0.136767	0.483202
2260	-0.854295	-0.136767	0.483202
2260	-0.854295	-0.136767	0.483202
2270	-0.854295	-0.136767	0.483202
2270	-0.854295	-0.136767	0.483202
2270	-0.858202	-0.139746	0.486523
2270	-0.858202	-0.139746	0.486523
2270	-0.858202	-0.139746	0.486523
2280	-0.858202	-0.139746	0.486523
2280	-0.858202	-0.139746	0.486523
2280	-0.859667	-0.140869	0.482861
2280	-0.859667	-0.140869	0.482861
2280	-0.859667	-0.140869	0.482861
2290	-0.859667	-0.140869	0.482861
2290	-0.859667	-0.140869	0.482861
2290	-0.859521	-0.143066	0.482031
2290	-0.859521	-0.143066	0.482031
2290	-0.859521	-0.143066	0.482031
2300	-0.859521	-0.143066	0.482031
2300	-0.859521	-0.143066	0.482031
2300	-0.859618	-0.14414	0.485253
2300	-0.859618	-0.14414	0.485253
2300	-0.859618	-0.14414	0.485253
2310	-0.859618	-0.14414	0.485253
2310	-0.859618	-0.14414	0.485253
2310	-0.858104	-0.144482	0.485888
2310	-0.858104	-0.144482	0.485888
2310	-0.858104	-0.144482	0.485888
2320	-0.858104	-0.144482	0.485888
2320	-0.858104	-0.144482	0.485888
2320	-0.85493	-0.140527	0.484032
2320	-0.85493	-0.140527	0.484032
2320	-0.85493	-0.140527	0.484032
2330	-0.85493	-0.140527	0.484032
2330	-0.85493	-0.140527	0.484032
2330	-0.854246	-0.139306	0.486181
2330	-0.854246	-0.139306	0.486181
2330	-0.854246	-0.139306	0.486181
2340	-0.854246	-0.139306	0.486181
2340	-0.854246	-0.139306	0.486181
2340	-0.854978	-0.139746	0.48579
2340	-0.854978	-0.139746	0.48579
2340	-0.854978	-0.139746	0.48579
2350	-0.854978	-0.139746	0.48579
2350	-0.854978	-0.139746	0.48579
2350	-0.855808	-0.138476	0.486571
2350	-0.855808	-0.138476	0.486571
2350	-0.855808	-0.138476	0.486571
2360	-0.855808	-0.138476	0.486571
2360	-0.855808	-0.138476	0.486571
2360	-0.855369	-0.137793	0.486083
2360	-0.855369	-0.137793	0.486083
2360	-0.855369	-0.137793	0.486083
2370	-0.855369	-0.137793	0.486083
2370	-0.855369	-0.137793	0.486083
2370	-0.856199	-0.139892	0.485692
2370	-0.856199	-0.139892	0.485692
2370	-0.856199	-0.139892	0.485692
2380	-0.856199	-0.139892	0.485692
2380	-0.856199	-0.139892	0.485692
2380	-0.855857	-0.140381	0.485643
2380	-0.855857	-0.140381	0.485643
2380	-0.855857	-0.140381	0.485643
2390	-0.855857	-0.140381	0.485643
2390	-0.855857	-0.140381	0.485643
2390	-0.855857	-0.142968	0.486181
2390	-0.855857	-0.142968	0.486181
2390	-0.855857	-0.142968	0.486181
2400	-0.855857	-0.142968	0.486181
2400	-0.855857	-0.142968	0.486181
2400	-0.856199	-0.143213	0.482519
2400	-0.856199	-0.143213	0.482519
2400	-0.856199	-0.143213	0.482519
2410	-0.856199	-0.143213	0.482519
2410	-0.856199	-0.143213	0.482519
2410	-0.856639	-0.145556	0.482519
2410	-0.856639	-0.145556	0.482519
2410	-0.856639	-0.145556	0.482519
2420	-0.856639	-0.145556	0.482519
2420	-0.856639	-0.145556	0.482519
2420	-0.855711	-0.144922	0.481054
2420	-0.855711	-0.144922	0.481054
2420	-0.855711	-0.144922	0.481054
2430	-0.855711	-0.144922	0.481054
2430	-0.855711	-0.144922	0.481054
2430	-0.854051	-0.141553	0.482177
2430	-0.854051	-0.141553	0.482177
2430	-0.854051	-0.141553	0.482177
2440	-0.854051	-0.141553	0.482177
2440	-0.854051	-0.141553	0.482177
2440	-0.854686	-0.137842	0.48081
2440	-0.854686	-0.137842	0.48081
2440	-0.854686	-0.137842	0.48081
2450	-0.854686	-0.137842	0.48081
2450	-0.854686	-0.137842	0.48081
2450	-0.85244	-0.136865	0.483007
2450	-0.85244	-0.136865	0.483007
2450	-0.85244	-0.136865	0.483007
2460	-0.85244	-0.136865	0.483007
2460	-0.85244	-0.136865	0.483007
2460	-0.852099	-0.135693	0.484765
2460	-0.852099	-0.135693	0.484765
2460	-0.852099	-0.135693	0.484765
2470	-0.852099	-0.135693	0.484765
2470	-0.852099	-0.135693	0.484765
2470	-0.85288	-0.134814	0.485888
2470	-0.85288	-0.134814	0.485888
2470	-0.85288	-0.134814	0.485888
2480	-0.85288	-0.134814	0.485888
2480	-0.85288	-0.134814	0.485888
2480	-0.855956	-0.137939	0.485693
2480	-0.855956	-0.137939	0.485693
2480	-0.855956	-0.137939	0.485693
2490	-0.855956	-0.137939	0.485693
2490	-0.855956	-0.137939	0.485693
2490	-0.855663	-0.138379	0.486425
2490	-0.855663	-0.138379	0.486425
2490	-0.855663	-0.138379	0.486425
2500	-0.855663	-0.138379	0.486425
2500	-0.855663	-0.138379	0.486425
2500	-0.8562	-0.14043	0.488476
2500	-0.8562	-0.14043	0.488476
2500	-0.8562	-0.14043	0.488476
2510	-0.8562	-0.14043	0.488476
2510	-0.8562	-0.14043	0.488476
2510	-0.857518	-0.140088	0.486279
2510	-0.857518	-0.140088	0.486279
2510	-0.857518	-0.140088	0.486279
2520	-0.857518	-0.140088	0.486279
2520	-0.857518	-0.140088	0.486279
2520	-0.860741	-0.140039	0.486083
2520	-0.860741	-0.140039	0.486083
2520	-0.860741	-0.140039	0.486083
2530	-0.860741	-0.140039	0.486083
2530	-0.860741	-0.140039	0.486083
2530	-0.859813	-0.140771	0.483397
2530	-0.859813	-0.140771	0.483397
2530	-0.859813	-0.140771	0.483397
2540	-0.859813	-0.140771	0.483397
2540	-0.859813	-0.140771	0.483397
2540	-0.859568	-0.139355	0.483788
2540	-0.859568	-0.139355	0.483788
2540	-0.859568	-0.139355	0.483788
2550	-0.859568	-0.139355	0.483788
2550	-0.859568	-0.139355	0.483788
2550	-0.860496	-0.1375	0.481297
2550	-0.860496	-0.1375	0.481297
2550	-0.860496	-0.1375	0.481297
2560	-0.860496	-0.1375	0.481297
2560	-0.860496	-0.1375	0.481297
2560	-0.8603	-0.13789	0.481444
2560	-0.8603	-0.13789	0.481444
2560	-0.8603	-0.13789	0.481444
2570	-0.8603	-0.13789	0.481444
2570	-0.8603	-0.13789	0.481444
2570	-0.854783	-0.138037	0.482714
2570	-0.854783	-0.138037	0.482714
2570	-0.854783	-0.138037	0.482714
2580	-0.854783	-0.138037	0.482714
2580	-0.854783	-0.138037	0.482714
2580	-0.854197	-0.137402	0.483446
2580	-0.854197	-0.137402	0.483446
2580	-0.854197	-0.137402	0.483446
2590	-0.854197	-0.137402	0.483446
2590	-0.854197	-0.137402	0.483446
2590	-0.85366	-0.138867	0.481542
2590	-0.85366	-0.138867	0.481542
2590	-0.85366	-0.138867	0.481542
2600	-0.85366	-0.138867	0.481542
2600	-0.85366	-0.138867	0.481542
2600	-0.854588	-0.139892	0.482958
2600	-0.854588	-0.139892	0.482958
2600	-0.854588	-0.139892	0.482958
2610	-0.854588	-0.139892	0.482958
2610	-0.854588	-0.139892	0.482958
2610	-0.852391	-0.13706	0.482226
2610	-0.852391	-0.13706	0.482226
2610	-0.852391	-0.13706	0.482226
2620	-0.852391	-0.13706	0.482226
2620	-0.852391	-0.13706	0.482226
2620	-0.853514	-0.137451	0.482861
2620	-0.853514	-0.137451	0.482861
2620	-0.853514	-0.137451	0.482861
2630	-0.853514	-0.137451	0.482861
2630	-0.853514	-0.137451	0.482861
2630	-0.852929	-0.135888	0.483691
2630	-0.852929	-0.135888	0.483691
2630	-0.852929	-0.135888	0.483691
2640	-0.852929	-0.135888	0.483691
2640	-0.852929	-0.135888	0.483691
2640	-0.853026	-0.135596	0.485009
2640	-0.853026	-0.135596	0.485009
2640	-0.853026	-0.135596	0.485009
2650	-0.853026	-0.135596	0.485009
2650	-0.853026	-0.135596	0.485009
2650	-0.855468	-0.135058	0.484667
2650	-0.855468	-0.135058	0.484667
2650	-0.855468	-0.135058	0.484667
2660	-0.855468	-0.135058	0.484667
2660	-0.855468	-0.135058	0.484667
2660	-0.856786	-0.138086	0.483886
2660	-0.856786	-0.138086	0.483886
2660	-0.856786	-0.138086	0.483886
2670	-0.856786	-0.138086	0.483886
2670	-0.856786	-0.138086	0.483886
2670	-0.858495	-0.138965	0.481396
2670	-0.858495	-0.138965	0.481396
2670	-0.858495	-0.138965	0.481396
2680	-0.858495	-0.138965	0.481396
2680	-0.858495	-0.138965	0.481396
2680	-0.860643	-0.139306	0.483935
2680	-0.860643	-0.139306	0.483935
2680	-0.860643	-0.139306	0.483935
2690	-0.860643	-0.139306	0.483935
2690	-0.860643	-0.139306	0.483935
2690	-0.860154	-0.13999	0.485058
2690	-0.860154	-0.13999	0.485058
2690	-0.860154	-0.13999	0.485058
2700	-0.860154	-0.13999	0.485058
2700	-0.860154	-0.13999	0.485058
2700	-0.860056	-0.142871	0.482128
2700	-0.860056	-0.142871	0.482128
2700	-0.860056	-0.142871	0.482128
2710	-0.860056	-0.142871	0.482128
2710	-0.860056	-0.142871	0.482128
2710	-0.85991	-0.139795	0.484374
2710	-0.85991	-0.139795	0.484374
2710	-0.85991	-0.139795	0.484374
2720	-0.85991	-0.139795	0.484374
2720	-0.85991	-0.139795	0.484374
2720	-0.858445	-0.139209	0.48452
2720	-0.858445	-0.139209	0.48452
2720	-0.858445	-0.139209	0.48452
2730	-0.858445	-0.139209	0.48452
2730	-0.858445	-0.139209	0.48452
2730	-0.856541	-0.140332	0.485594
2730	-0.856541	-0.140332	0.485594
2730	-0.856541	-0.140332	0.485594
2740	-0.856541	-0.140332	0.485594
2740	-0.856541	-0.140332	0.485594
2740	-0.858836	-0.139843	0.484667
2740	-0.858836	-0.139843	0.484667
2740	-0.858836	-0.139843	0.484667
2750	-0.858836	-0.139843	0.484667
2750	-0.858836	-0.139843	0.484667
2750	-0.854734	-0.137207	0.488719
2750	-0.854734	-0.137207	0.488719
2750	-0.854734	-0.137207	0.488719
2760	-0.854734	-0.137207	0.488719
2760	-0.854734	-0.137207	0.488719
2760	-0.854978	-0.137256	0.491014
2760	-0.854978	-0.137256	0.491014
2760	-0.854978	-0.137256	0.491014
2770	-0.854978	-0.137256	0.491014
2770	-0.854978	-0.137256	0.491014
2770	-0.855613	-0.136621	0.491942
2770	-0.855613	-0.136621	0.491942
2770	-0.855613	-0.136621	0.491942
2780	-0.855613	-0.136621	0.491942
2780	-0.855613	-0.136621	0.491942
2780	-0.856687	-0.135693	0.489403
2780	-0.856687	-0.135693	0.489403
2780	-0.856687	-0.135693	0.489403
2790	-0.856687	-0.135693	0.489403
2790	-0.856687	-0.135693	0.489403
2790	-0.854197	-0.133593	0.492186
2790	-0.854197	-0.133593	0.492186
2790	-0.854197	-0.133593	0.492186
2800	-0.854197	-0.133593	0.492186
2800	-0.854197	-0.133593	0.492186
2800	-0.856297	-0.130761	0.491845
2800	-0.856297	-0.130761	0.491845
2800	-0.856297	-0.130761	0.491845
2810	-0.856297	-0.130761	0.491845
2810	-0.856297	-0.130761	0.491845
2810	-0.857567	-0.133154	0.490673
2810	-0.857567	-0.133154	0.490673
2810	-0.857567	-0.133154	0.490673
2820	-0.857567	-0.133154	0.490673
2820	-0.857567	-0.133154	0.490673
2820	-0.85786	-0.134326	0.49121
2820	-0.85786	-0.134326	0.49121
2820	-0.85786	-0.134326	0.49121
2830	-0.85786	-0.134326	0.49121
2830	-0.85786	-0.134326	0.49121
2830	-0.857665	-0.134033	0.493261
2830	-0.857665	-0.134033	0.493261
2830	-0.857665	-0.134033	0.493261
2840	-0.857665	-0.134033	0.493261
2840	-0.857665	-0.134033	0.493261
2840	-0.857714	-0.136181	0.489062
2840	-0.857714	-0.136181	0.489062
2840	-0.857714	-0.136181	0.489062
2850	-0.857714	-0.136181	0.489062
2850	-0.857714	-0.136181	0.489062
2850	-0.855175	-0.138818	0.487451
2850	-0.855175	-0.138818	0.487451
2850	-0.855175	-0.138818	0.487451
2860	-0.855175	-0.138818	0.487451
2860	-0.855175	-0.138818	0.487451
2860	-0.855956	-0.140088	0.486425
2860	-0.855956	-0.140088	0.486425
2860	-0.855956	-0.140088	0.486425
2870	-0.855956	-0.140088	0.486425
2870	-0.855956	-0.140088	0.486425
2870	-0.854784	-0.139599	0.487792
2870	-0.854784	-0.139599	0.487792
2870	-0.854784	-0.139599	0.487792
2880	-0.854784	-0.139599	0.487792
2880	-0.854784	-0.139599	0.487792
2880	-0.854589	-0.140625	0.486181
2880	-0.854589	-0.140625	0.486181
2880	-0.854589	-0.140625	0.486181
2890	-0.854589	-0.140625	0.486181
2890	-0.854589	-0.140625	0.486181
2890	-0.853759	-0.141211	0.486962
2890	-0.853759	-0.141211	0.486962
2890	-0.853759	-0.141211	0.486962
2900	-0.853759	-0.141211	0.486962
2900	-0.853759	-0.141211	0.486962
2900	-0.854833	-0.140722	0.486816
2900	-0.854833	-0.140722	0.486816
2900	-0.854833	-0.140722	0.486816
2910	-0.854833	-0.140722	0.486816
2910	-0.854833	-0.140722	0.486816
2910	-0.852733	-0.143066	0.488818
2910	-0.852733	-0.143066	0.488818
2910	-0.852733	-0.143066	0.488818
2920	-0.852733	-0.143066	0.488818
2920	-0.852733	-0.143066	0.488818
2920	-0.853905	-0.143213	0.48911
2920	-0.853905	-0.143213	0.48911
2920	-0.853905	-0.143213	0.48911
2930	-0.853905	-0.143213	0.48911
2930	-0.853905	-0.143213	0.48911
2930	-0.854148	-0.14209	0.489013
2930	-0.854148	-0.14209	0.489013
2930	-0.854148	-0.14209	0.489013
2940	-0.854148	-0.14209	0.489013
2940	-0.854148	-0.14209	0.489013
2940	-0.853806	-0.141504	0.489598
2940	-0.853806	-0.141504	0.489598
2940	-0.853806	-0.141504	0.489598
2950	-0.853806	-0.141504	0.489598
2950	-0.853806	-0.141504	0.489598
2950	-0.854099	-0.142041	0.490282
2950	-0.854099	-0.142041	0.490282
2950	-0.854099	-0.142041	0.490282
2960	-0.854099	-0.142041	0.490282
2960	-0.854099	-0.142041	0.490282
2960	-0.854051	-0.138769	0.48994
2960	-0.854051	-0.138769	0.48994
2960	-0.854051	-0.138769	0.48994
2970	-0.854051	-0.138769	0.48994
2970	-0.854051	-0.138769	0.48994
2970	-0.854099	-0.13789	0.488378
2970	-0.854099	-0.13789	0.488378
2970	-0.854099	-0.13789	0.488378
2980	-0.854099	-0.13789	0.488378
2980	-0.854099	-0.13789	0.488378
2980	-0.852928	-0.138769	0.488671
2980	-0.852928	-0.138769	0.488671
2980	-0.852928	-0.138769	0.488671
2990	-0.852928	-0.138769	0.488671
2990	-0.852928	-0.138769	0.488671
2990	-0.854393	-0.138672	0.489843
2990	-0.854393	-0.138672	0.489843
2990	-0.854393	-0.138672	0.489843
