20	-0.253907	-0.0404601	0.141739
30	-0.594238	-0.0946591	0.337246
40	-0.782495	-0.127047	0.441123
50	-0.851186	-0.138101	0.479951
60	-0.854656	-0.140748	0.479598
60	-0.854656	-0.140748	0.479598
60	-0.854656	-0.140748	0.479598
70	-0.856289	-0.14	0.482952
70	-0.856289	-0.14	0.482952
70	-0.856289	-0.14	0.482952
80	-0.855072	-0.13895	0.485089
80	-0.855072	-0.13895	0.485089
80	-0.855072	-0.13895	0.485089
90	-0.852129	-0.138545	0.485857
90	-0.852129	-0.138545	0.485857
90	-0.852129	-0.138545	0.485857
90	-0.852129	-0.138545	0.485857
100	-0.853776	-0.137813	0.48304
100	-0.853776	-0.137813	0.48304
100	-0.853776	-0.137813	0.48304
100	-0.853776	-0.137813	0.48304
110	-0.856282	-0.137647	0.477933
110	-0.856282	-0.137647	0.477933
110	-0.856282	-0.137647	0.477933
110	-0.856282	-0.137647	0.477933
120	-0.857492	-0.137193	0.477289
120	-0.857492	-0.137193	0.477289
120	-0.857492	-0.137193	0.477289
120	-0.857492	-0.137193	0.477289
130	-0.85717	-0.138033	0.481927
130	-0.85717	-0.138033	0.481927
130	-0.85717	-0.138033	0.481927
130	-0.85717	-0.138033	0.481927
140	-0.855008	-0.139634	0.486918
140	-0.855008	-0.139634	0.486918
140	-0.855008	-0.139634	0.486918
140	-0.855008	-0.139634	0.486918
150	-0.854026	-0.139253	0.489066
150	-0.854026	-0.139253	0.489066
150	-0.854026	-0.139253	0.489066
150	-0.854026	-0.139253	0.489066
160	-0.853161	-0.138536	0.488275
160	-0.853161	-0.138536	0.488275
160	-0.853161	-0.138536	0.488275
160	-0.853161	-0.138536	0.488275
160	-0.853161	-0.138536	0.488275
170	-0.853903	-0.138892	0.484974
170	-0.853903	-0.138892	0.484974
170	-0.853903	-0.138892	0.484974
170	-0.853903	-0.138892	0.484974
170	-0.853903	-0.138892	0.484974
180	-0.855515	-0.140484	0.484647
180	-0.855515	-0.140484	0.484647
180	-0.855515	-0.140484	0.484647
180	-0.855515	-0.140484	0.484647
180	-0.855515	-0.140484	0.484647
190	-0.855808	-0.142691	0.48659
190	-0.855808	-0.142691	0.48659
190	-0.855808	-0.142691	0.48659
190	-0.855808	-0.142691	0.48659
190	-0.855808	-0.142691	0.48659
200	-0.8551	-0.138658	0.488748
200	-0.8551	-0.138658	0.488748
200	-0.8551	-0.138658	0.488748
200	-0.8551	-0.138658	0.488748
200	-0.8551	-0.138658	0.488748
210	-0.853532	-0.138453	0.489984
210	-0.853532	-0.138453	0.489984
210	-0.853532	-0.138453	0.489984
210	-0.853532	-0.138453	0.489984
210	-0.853532	-0.138453	0.489984
220	-0.853679	-0.135948	0.486273
220	-0.853679	-0.135948	0.486273
220	-0.853679	-0.135948	0.486273
220	-0.853679	-0.135948	0.486273
220	-0.853679	-0.135948	0.486273
230	-0.854465	-0.1348	0.484266
230	-0.854465	-0.1348	0.484266
230	-0.854465	-0.1348	0.484266
230	-0.854465	-0.1348	0.484266
230	-0.854465	-0.1348	0.484266
240	-0.854549	-0.132427	0.486102
240	-0.854549	-0.132427	0.486102
240	-0.854549	-0.132427	0.486102
240	-0.854549	-0.132427	0.486102
240	-0.854549	-0.132427	0.486102
250	-0.854983	-0.134766	0.48663
250	-0.854983	-0.134766	0.48663
250	-0.854983	-0.134766	0.48663
250	-0.854983	-0.134766	0.48663
250	-0.854983	-0.134766	0.48663
260	-0.856009	-0.136929	0.488666
260	-0.856009	-0.136929	0.488666
260	-0.856009	-0.136929	0.488666
260	-0.856009	-0.136929	0.488666
260	-0.856009	-0.136929	0.488666
270	-0.856698	-0.141334	0.489818
270	-0.856698	-0.141334	0.489818
270	-0.856698	-0.141334	0.489818
270	-0.856698	-0.141334	0.489818
270	-0.856698	-0.141334	0.489818
280	-0.857469	-0.144293	0.488725
280	-0.857469	-0.144293	0.488725
280	-0.857469	-0.144293	0.488725
280	-0.857469	-0.144293	0.488725
280	-0.857469	-0.144293	0.488725
290	-0.856586	-0.145264	0.486713
290	-0.856586	-0.145264	0.486713
290	-0.856586	-0.145264	0.486713
290	-0.856586	-0.145264	0.486713
290	-0.856586	-0.145264	0.486713
300	-0.854965	-0.143057	0.484428
300	-0.854965	-0.143057	0.484428
300	-0.854965	-0.143057	0.484428
300	-0.854965	-0.143057	0.484428
300	-0.854965	-0.143057	0.484428
310	-0.85411	-0.139136	0.486269
310	-0.85411	-0.139136	0.486269
310	-0.85411	-0.139136	0.486269
310	-0.85411	-0.139136	0.486269
310	-0.85411	-0.139136	0.486269
320	-0.853957	-0.138516	0.487088
320	-0.853957	-0.138516	0.487088
320	-0.853957	-0.138516	0.487088
320	-0.853957	-0.138516	0.487088
320	-0.853957	-0.138516	0.487088
330	-0.852048	-0.139375	0.486522
330	-0.852048	-0.139375	0.486522
330	-0.852048	-0.139375	0.486522
330	-0.852048	-0.139375	0.486522
330	-0.852048	-0.139375	0.486522
340	-0.852702	-0.142491	0.485872
340	-0.852702	-0.142491	0.485872
340	-0.852702	-0.142491	0.485872
340	-0.852702	-0.142491	0.485872
340	-0.852702	-0.142491	0.485872
350	-0.851818	-0.140362	0.48598
350	-0.851818	-0.140362	0.48598
350	-0.851818	-0.140362	0.48598
350	-0.851818	-0.140362	0.48598
350	-0.851818	-0.140362	0.48598
360	-0.849787	-0.13752	0.483719
360	-0.849787	-0.13752	0.483719
360	-0.849787	-0.13752	0.483719
360	-0.849787	-0.13752	0.483719
360	-0.849787	-0.13752	0.483719
370	-0.850476	-0.136133	0.482567
370	-0.850476	-0.136133	0.482567
370	-0.850476	-0.136133	0.482567
370	-0.850476	-0.136133	0.482567
370	-0.850476	-0.136133	0.482567
380	-0.852527	-0.134234	0.486439
380	-0.852527	-0.134234	0.486439
380	-0.852527	-0.134234	0.486439
380	-0.852527	-0.134234	0.486439
380	-0.852527	-0.134234	0.486439
390	-0.854231	-0.134761	0.487176
390	-0.854231	-0.134761	0.487176
390	-0.854231	-0.134761	0.487176
390	-0.854231	-0.134761	0.487176
390	-0.854231	-0.134761	0.487176
400	-0.856033	-0.132603	0.489662
400	-0.856033	-0.132603	0.489662
400	-0.856033	-0.132603	0.489662
400	-0.856033	-0.132603	0.489662
400	-0.856033	-0.132603	0.489662
410	-0.85617	-0.132574	0.489974
410	-0.85617	-0.132574	0.489974
410	-0.85617	-0.132574	0.489974
410	-0.85617	-0.132574	0.489974
410	-0.85617	-0.132574	0.489974
420	-0.854671	-0.1365	0.488925
420	-0.854671	-0.1365	0.488925
420	-0.854671	-0.1365	0.488925
420	-0.854671	-0.1365	0.488925
420	-0.854671	-0.1365	0.488925
430	-0.853226	-0.140816	0.486659
430	-0.853226	-0.140816	0.486659
430	-0.853226	-0.140816	0.486659
430	-0.853226	-0.140816	0.486659
430	-0.853226	-0.140816	0.486659
440	-0.853348	-0.140303	0.484872
440	-0.853348	-0.140303	0.484872
440	-0.853348	-0.140303	0.484872
440	-0.853348	-0.140303	0.484872
440	-0.853348	-0.140303	0.484872
450	-0.855175	-0.139674	0.485248
450	-0.855175	-0.139674	0.485248
450	-0.855175	-0.139674	0.485248
450	-0.855175	-0.139674	0.485248
450	-0.855175	-0.139674	0.485248
460	-0.853788	-0.138785	0.484355
460	-0.853788	-0.138785	0.484355
460	-0.853788	-0.138785	0.484355
460	-0.853788	-0.138785	0.484355
460	-0.853788	-0.138785	0.484355
470	-0.853978	-0.13814	0.481933
470	-0.853978	-0.13814	0.481933
470	-0.853978	-0.13814	0.481933
470	-0.853978	-0.13814	0.481933
470	-0.853978	-0.13814	0.481933
480	-0.853782	-0.135655	0.48162
480	-0.853782	-0.135655	0.48162
480	-0.853782	-0.135655	0.48162
480	-0.853782	-0.135655	0.48162
480	-0.853782	-0.135655	0.48162
490	-0.855944	-0.136578	0.479378
490	-0.855944	-0.136578	0.479378
490	-0.855944	-0.136578	0.479378
490	-0.855944	-0.136578	0.479378
490	-0.855944	-0.136578	0.479378
500	-0.85591	-0.138448	0.479583
500	-0.85591	-0.138448	0.479583
500	-0.85591	-0.138448	0.479583
500	-0.85591	-0.138448	0.479583
500	-0.85591	-0.138448	0.479583
510	-0.8526	-0.14295	0.483763
510	-0.8526	-0.14295	0.483763
510	-0.8526	-0.14295	0.483763
510	-0.8526	-0.14295	0.483763
510	-0.8526	-0.14295	0.483763
520	-0.848313	-0.14794	0.485716
520	-0.848313	-0.14794	0.485716
520	-0.848313	-0.14794	0.485716
520	-0.848313	-0.14794	0.485716
520	-0.848313	-0.14794	0.485716
530	-0.847791	-0.14712	0.486727
530	-0.847791	-0.14712	0.486727
530	-0.847791	-0.14712	0.486727
530	-0.847791	-0.14712	0.486727
530	-0.847791	-0.14712	0.486727
540	-0.851312	-0.142413	0.486322
540	-0.851312	-0.142413	0.486322
540	-0.851312	-0.142413	0.486322
540	-0.851312	-0.142413	0.486322
540	-0.851312	-0.142413	0.486322
550	-0.855667	-0.137715	0.485736
550	-0.855667	-0.137715	0.485736
550	-0.855667	-0.137715	0.485736
550	-0.855667	-0.137715	0.485736
550	-0.855667	-0.137715	0.485736
560	-0.85618	-0.135557	0.483529
560	-0.85618	-0.135557	0.483529
560	-0.85618	-0.135557	0.483529
560	-0.85618	-0.135557	0.483529
560	-0.85618	-0.135557	0.483529
570	-0.855829	-0.134825	0.489037
570	-0.855829	-0.134825	0.489037
570	-0.855829	-0.134825	0.489037
570	-0.855829	-0.134825	0.489037
570	-0.855829	-0.134825	0.489037
580	-0.85558	-0.136026	0.488852
580	-0.85558	-0.136026	0.488852
580	-0.85558	-0.136026	0.488852
580	-0.85558	-0.136026	0.488852
580	-0.85558	-0.136026	0.488852
590	-0.853979	-0.135484	0.487875
590	-0.853979	-0.135484	0.487875
590	-0.853979	-0.135484	0.487875
590	-0.853979	-0.135484	0.487875
590	-0.853979	-0.135484	0.487875
600	-0.853266	-0.135665	0.481957
600	-0.853266	-0.135665	0.481957
600	-0.853266	-0.135665	0.481957
600	-0.853266	-0.135665	0.481957
600	-0.853266	-0.135665	0.481957
610	-0.852752	-0.136114	0.483334
610	-0.852752	-0.136114	0.483334
610	-0.852752	-0.136114	0.483334
610	-0.852752	-0.136114	0.483334
610	-0.852752	-0.136114	0.483334
620	-0.853777	-0.136172	0.48555
620	-0.853777	-0.136172	0.48555
620	-0.853777	-0.136172	0.48555
620	-0.853777	-0.136172	0.48555
620	-0.853777	-0.136172	0.48555
630	-0.854529	-0.137574	0.486502
630	-0.854529	-0.137574	0.486502
630	-0.854529	-0.137574	0.486502
630	-0.854529	-0.137574	0.486502
630	-0.854529	-0.137574	0.486502
640	-0.854104	-0.139371	0.48806
640	-0.854104	-0.139371	0.48806
640	-0.854104	-0.139371	0.48806
640	-0.854104	-0.139371	0.48806
640	-0.854104	-0.139371	0.48806
650	-0.855613	-0.140123	0.489432
650	-0.855613	-0.140123	0.489432
650	-0.855613	-0.140123	0.489432
650	-0.855613	-0.140123	0.489432
650	-0.855613	-0.140123	0.489432
660	-0.855877	-0.141011	0.486405
660	-0.855877	-0.141011	0.486405
660	-0.855877	-0.141011	0.486405
660	-0.855877	-0.141011	0.486405
660	-0.855877	-0.141011	0.486405
670	-0.85597	-0.140738	0.485731
670	-0.85597	-0.140738	0.485731
670	-0.85597	-0.140738	0.485731
670	-0.85597	-0.140738	0.485731
670	-0.85597	-0.140738	0.485731
680	-0.855828	-0.139634	0.485355
680	-0.855828	-0.139634	0.485355
680	-0.855828	-0.139634	0.485355
680	-0.855828	-0.139634	0.485355
680	-0.855828	-0.139634	0.485355
690	-0.858504	-0.139551	0.486796
690	-0.858504	-0.139551	0.486796
690	-0.858504	-0.139551	0.486796
690	-0.858504	-0.139551	0.486796
690	-0.858504	-0.139551	0.486796
700	-0.861678	-0.138477	0.489306
700	-0.861678	-0.138477	0.489306
700	-0.861678	-0.138477	0.489306
700	-0.861678	-0.138477	0.489306
700	-0.861678	-0.138477	0.489306
710	-0.863661	-0.137276	0.49163
710	-0.863661	-0.137276	0.49163
710	-0.863661	-0.137276	0.49163
710	-0.863661	-0.137276	0.49163
710	-0.863661	-0.137276	0.49163
720	-0.860531	-0.135074	0.492856
720	-0.860531	-0.135074	0.492856
720	-0.860531	-0.135074	0.492856
720	-0.860531	-0.135074	0.492856
720	-0.860531	-0.135074	0.492856
730	-0.859096	-0.13775	0.492333
730	-0.859096	-0.13775	0.492333
730	-0.859096	-0.13775	0.492333
730	-0.859096	-0.13775	0.492333
730	-0.859096	-0.13775	0.492333
740	-0.859477	-0.13941	0.49059
740	-0.859477	-0.13941	0.49059
740	-0.859477	-0.13941	0.49059
740	-0.859477	-0.13941	0.49059
740	-0.859477	-0.13941	0.49059
750	-0.858832	-0.138126	0.488735
750	-0.858832	-0.138126	0.488735
750	-0.858832	-0.138126	0.488735
750	-0.858832	-0.138126	0.488735
750	-0.858832	-0.138126	0.488735
760	-0.856405	-0.13647	0.485185
760	-0.856405	-0.13647	0.485185
760	-0.856405	-0.13647	0.485185
760	-0.856405	-0.13647	0.485185
760	-0.856405	-0.13647	0.485185
770	-0.85388	-0.134424	0.485165
770	-0.85388	-0.134424	0.485165
770	-0.85388	-0.134424	0.485165
770	-0.85388	-0.134424	0.485165
770	-0.85388	-0.134424	0.485165
780	-0.854021	-0.135909	0.48475
780	-0.854021	-0.135909	0.48475
780	-0.854021	-0.135909	0.48475
780	-0.854021	-0.135909	0.48475
780	-0.854021	-0.135909	0.48475
790	-0.855051	-0.135806	0.486483
790	-0.855051	-0.135806	0.486483
790	-0.855051	-0.135806	0.486483
790	-0.855051	-0.135806	0.486483
790	-0.855051	-0.135806	0.486483
800	-0.852917	-0.137164	0.488192
800	-0.852917	-0.137164	0.488192
800	-0.852917	-0.137164	0.488192
800	-0.852917	-0.137164	0.488192
800	-0.852917	-0.137164	0.488192
810	-0.851398	-0.13814	0.487713
810	-0.851398	-0.13814	0.487713
810	-0.851398	-0.13814	0.487713
810	-0.851398	-0.13814	0.487713
810	-0.851398	-0.13814	0.487713
820	-0.850608	-0.138584	0.485838
820	-0.850608	-0.138584	0.485838
820	-0.850608	-0.138584	0.485838
820	-0.850608	-0.138584	0.485838
820	-0.850608	-0.138584	0.485838
830	-0.851081	-0.139019	0.484041
830	-0.851081	-0.139019	0.484041
830	-0.851081	-0.139019	0.484041
830	-0.851081	-0.139019	0.484041
830	-0.851081	-0.139019	0.484041
840	-0.852551	-0.140782	0.483563
840	-0.852551	-0.140782	0.483563
840	-0.852551	-0.140782	0.483563
840	-0.852551	-0.140782	0.483563
840	-0.852551	-0.140782	0.483563
850	-0.852698	-0.142706	0.485912
850	-0.852698	-0.142706	0.485912
850	-0.852698	-0.142706	0.485912
850	-0.852698	-0.142706	0.485912
850	-0.852698	-0.142706	0.485912
860	-0.852073	-0.137877	0.487709
860	-0.852073	-0.137877	0.487709
860	-0.852073	-0.137877	0.487709
860	-0.852073	-0.137877	0.487709
860	-0.852073	-0.137877	0.487709
870	-0.852112	-0.13418	0.488456
870	-0.852112	-0.13418	0.488456
870	-0.852112	-0.13418	0.488456
870	-0.852112	-0.13418	0.488456
870	-0.852112	-0.13418	0.488456
880	-0.852469	-0.135303	0.486303
880	-0.852469	-0.135303	0.486303
880	-0.852469	-0.135303	0.486303
880	-0.852469	-0.135303	0.486303
880	-0.852469	-0.135303	0.486303
890	-0.853011	-0.138839	0.484872
890	-0.853011	-0.138839	0.484872
890	-0.853011	-0.138839	0.484872
890	-0.853011	-0.138839	0.484872
890	-0.853011	-0.138839	0.484872
900	-0.854901	-0.139635	0.48353
900	-0.854901	-0.139635	0.48353
900	-0.854901	-0.139635	0.48353
900	-0.854901	-0.139635	0.48353
900	-0.854901	-0.139635	0.48353
910	-0.855067	-0.138761	0.48561
910	-0.855067	-0.138761	0.48561
910	-0.855067	-0.138761	0.48561
910	-0.855067	-0.138761	0.48561
910	-0.855067	-0.138761	0.48561
920	-0.855121	-0.136226	0.487123
920	-0.855121	-0.136226	0.487123
920	-0.855121	-0.136226	0.487123
920	-0.855121	-0.136226	0.487123
920	-0.855121	-0.136226	0.487123
930	-0.855345	-0.135548	0.489862
930	-0.855345	-0.135548	0.489862
930	-0.855345	-0.135548	0.489862
930	-0.855345	-0.135548	0.489862
930	-0.855345	-0.135548	0.489862
940	-0.855095	-0.13938	0.491112
940	-0.855095	-0.13938	0.491112
940	-0.855095	-0.13938	0.491112
940	-0.855095	-0.13938	0.491112
940	-0.855095	-0.13938	0.491112
950	-0.854606	-0.147227	0.490765
950	-0.854606	-0.147227	0.490765
950	-0.854606	-0.147227	0.490765
950	-0.854606	-0.147227	0.490765
950	-0.854606	-0.147227	0.490765
960	-0.854772	-0.150435	0.488035
960	-0.854772	-0.150435	0.488035
960	-0.854772	-0.150435	0.488035
960	-0.854772	-0.150435	0.488035
960	-0.854772	-0.150435	0.488035
970	-0.853835	-0.148677	0.485672
970	-0.853835	-0.148677	0.485672
970	-0.853835	-0.148677	0.485672
970	-0.853835	-0.148677	0.485672
970	-0.853835	-0.148677	0.485672
980	-0.854915	-0.1465	0.486283
980	-0.854915	-0.1465	0.486283
980	-0.854915	-0.1465	0.486283
980	-0.854915	-0.1465	0.486283
980	-0.854915	-0.1465	0.486283
990	-0.853396	-0.142877	0.488637
990	-0.853396	-0.142877	0.488637
990	-0.853396	-0.142877	0.488637
990	-0.853396	-0.142877	0.488637
990	-0.853396	-0.142877	0.488637
1000	-0.853939	-0.139556	0.489257
1000	-0.853939	-0.139556	0.489257
1000	-0.853939	-0.139556	0.489257
1000	-0.853939	-0.139556	0.489257
1000	-0.853939	-0.139556	0.489257
1010	-0.854735	-0.138257	0.489872
1010	-0.854735	-0.138257	0.489872
1010	-0.854735	-0.138257	0.489872
1010	-0.854735	-0.138257	0.489872
1010	-0.854735	-0.138257	0.489872
1020	-0.855936	-0.138243	0.491283
1020	-0.855936	-0.138243	0.491283
1020	-0.855936	-0.138243	0.491283
1020	-0.855936	-0.138243	0.491283
1020	-0.855936	-0.138243	0.491283
1030	-0.856312	-0.140753	0.49432
1030	-0.856312	-0.140753	0.49432
1030	-0.856312	-0.140753	0.49432
1030	-0.856312	-0.140753	0.49432
1030	-0.856312	-0.140753	0.49432
1040	-0.856238	-0.140289	0.495697
1040	-0.856238	-0.140289	0.495697
1040	-0.856238	-0.140289	0.495697
1040	-0.856238	-0.140289	0.495697
1040	-0.856238	-0.140289	0.495697
1050	-0.856561	-0.139224	0.494267
1050	-0.856561	-0.139224	0.494267
1050	-0.856561	-0.139224	0.494267
1050	-0.856561	-0.139224	0.494267
1050	-0.856561	-0.139224	0.494267
1060	-0.857127	-0.13983	0.492792
1060	-0.857127	-0.13983	0.492792
1060	-0.857127	-0.13983	0.492792
1060	-0.857127	-0.13983	0.492792
1060	-0.857127	-0.13983	0.492792
1070	-0.856937	-0.141358	0.489682
1070	-0.856937	-0.141358	0.489682
1070	-0.856937	-0.141358	0.489682
1070	-0.856937	-0.141358	0.489682
1070	-0.856937	-0.141358	0.489682
1080	-0.856888	-0.143604	0.490365
1080	-0.856888	-0.143604	0.490365
1080	-0.856888	-0.143604	0.490365
1080	-0.856888	-0.143604	0.490365
1080	-0.856888	-0.143604	0.490365
1090	-0.856335	-0.145352	0.488592
1090	-0.856335	-0.145352	0.488592
1090	-0.856335	-0.145352	0.488592
1090	-0.856335	-0.145352	0.488592
1090	-0.856335	-0.145352	0.488592
1100	-0.855783	-0.142037	0.485931
1100	-0.855783	-0.142037	0.485931
1100	-0.855783	-0.142037	0.485931
1100	-0.855783	-0.142037	0.485931
1100	-0.855783	-0.142037	0.485931
1110	-0.855446	-0.141934	0.485662
1110	-0.855446	-0.141934	0.485662
1110	-0.855446	-0.141934	0.485662
1110	-0.855446	-0.141934	0.485662
1110	-0.855446	-0.141934	0.485662
1120	-0.854211	-0.141265	0.485423
1120	-0.854211	-0.141265	0.485423
1120	-0.854211	-0.141265	0.485423
1120	-0.854211	-0.141265	0.485423
1120	-0.854211	-0.141265	0.485423
1130	-0.853152	-0.143428	0.486112
1130	-0.853152	-0.143428	0.486112
1130	-0.853152	-0.143428	0.486112
1130	-0.853152	-0.143428	0.486112
1130	-0.853152	-0.143428	0.486112
1140	-0.853606	-0.139273	0.484544
1140	-0.853606	-0.139273	0.484544
1140	-0.853606	-0.139273	0.484544
1140	-0.853606	-0.139273	0.484544
1140	-0.853606	-0.139273	0.484544
1150	-0.854636	-0.137383	0.485062
1150	-0.854636	-0.137383	0.485062
1150	-0.854636	-0.137383	0.485062
1150	-0.854636	-0.137383	0.485062
1150	-0.854636	-0.137383	0.485062
1160	-0.85428	-0.134708	0.481903
1160	-0.85428	-0.134708	0.481903
1160	-0.85428	-0.134708	0.481903
1160	-0.85428	-0.134708	0.481903
1160	-0.85428	-0.134708	0.481903
1170	-0.853016	-0.137105	0.484115
1170	-0.853016	-0.137105	0.484115
1170	-0.853016	-0.137105	0.484115
1170	-0.853016	-0.137105	0.484115
1170	-0.853016	-0.137105	0.484115
1180	-0.85221	-0.136763	0.484892
1180	-0.85221	-0.136763	0.484892
1180	-0.85221	-0.136763	0.484892
1180	-0.85221	-0.136763	0.484892
1180	-0.85221	-0.136763	0.484892
1190	-0.853699	-0.13816	0.483549
1190	-0.853699	-0.13816	0.483549
1190	-0.853699	-0.13816	0.483549
1190	-0.853699	-0.13816	0.483549
1190	-0.853699	-0.13816	0.483549
1200	-0.854129	-0.138487	0.481215
1200	-0.854129	-0.138487	0.481215
1200	-0.854129	-0.138487	0.481215
1200	-0.854129	-0.138487	0.481215
1200	-0.854129	-0.138487	0.481215
1210	-0.854691	-0.13919	0.484809
1210	-0.854691	-0.13919	0.484809
1210	-0.854691	-0.13919	0.484809
1210	-0.854691	-0.13919	0.484809
1210	-0.854691	-0.13919	0.484809
1220	-0.853514	-0.136812	0.485546
1220	-0.853514	-0.136812	0.485546
1220	-0.853514	-0.136812	0.485546
1220	-0.853514	-0.136812	0.485546
1220	-0.853514	-0.136812	0.485546
1230	-0.85433	-0.132745	0.485668
1230	-0.85433	-0.132745	0.485668
1230	-0.85433	-0.132745	0.485668
1230	-0.85433	-0.132745	0.485668
1230	-0.85433	-0.132745	0.485668
1240	-0.855448	-0.132891	0.485629
1240	-0.855448	-0.132891	0.485629
1240	-0.855448	-0.132891	0.485629
1240	-0.855448	-0.132891	0.485629
1240	-0.855448	-0.132891	0.485629
1250	-0.855937	-0.136417	0.484819
1250	-0.855937	-0.136417	0.484819
1250	-0.855937	-0.136417	0.484819
1250	-0.855937	-0.136417	0.484819
1250	-0.855937	-0.136417	0.484819
1260	-0.855165	-0.138009	0.486689
1260	-0.855165	-0.138009	0.486689
1260	-0.855165	-0.138009	0.486689
1260	-0.855165	-0.138009	0.486689
1260	-0.855165	-0.138009	0.486689
1270	-0.855135	-0.138599	0.489677
1270	-0.855135	-0.138599	0.489677
1270	-0.855135	-0.138599	0.489677
1270	-0.855135	-0.138599	0.489677
1270	-0.855135	-0.138599	0.489677
1280	-0.854495	-0.137828	0.491073
1280	-0.854495	-0.137828	0.491073
1280	-0.854495	-0.137828	0.491073
1280	-0.854495	-0.137828	0.491073
1280	-0.854495	-0.137828	0.491073
1290	-0.854099	-0.136197	0.48784
1290	-0.854099	-0.136197	0.48784
1290	-0.854099	-0.136197	0.48784
1290	-0.854099	-0.136197	0.48784
1290	-0.854099	-0.136197	0.48784
1300	-0.853117	-0.137266	0.483646
1300	-0.853117	-0.137266	0.483646
1300	-0.853117	-0.137266	0.483646
1300	-0.853117	-0.137266	0.483646
1300	-0.853117	-0.137266	0.483646
1310	-0.851282	-0.140044	0.485003
1310	-0.851282	-0.140044	0.485003
1310	-0.851282	-0.140044	0.485003
1310	-0.851282	-0.140044	0.485003
1310	-0.851282	-0.140044	0.485003
1320	-0.851892	-0.140713	0.487274
1320	-0.851892	-0.140713	0.487274
1320	-0.851892	-0.140713	0.487274
1320	-0.851892	-0.140713	0.487274
1320	-0.851892	-0.140713	0.487274
1330	-0.852981	-0.139156	0.487963
1330	-0.852981	-0.139156	0.487963
1330	-0.852981	-0.139156	0.487963
1330	-0.852981	-0.139156	0.487963
1330	-0.852981	-0.139156	0.487963
1340	-0.853909	-0.138262	0.482074
1340	-0.853909	-0.138262	0.482074
1340	-0.853909	-0.138262	0.482074
1340	-0.853909	-0.138262	0.482074
1340	-0.853909	-0.138262	0.482074
1350	-0.854129	-0.137979	0.481869
1350	-0.854129	-0.137979	0.481869
1350	-0.854129	-0.137979	0.481869
1350	-0.854129	-0.137979	0.481869
1350	-0.854129	-0.137979	0.481869
1360	-0.853895	-0.137217	0.481898
1360	-0.853895	-0.137217	0.481898
1360	-0.853895	-0.137217	0.481898
1360	-0.853895	-0.137217	0.481898
1360	-0.853895	-0.137217	0.481898
1370	-0.853685	-0.137071	0.484447
1370	-0.853685	-0.137071	0.484447
1370	-0.853685	-0.137071	0.484447
1370	-0.853685	-0.137071	0.484447
1370	-0.853685	-0.137071	0.484447
1380	-0.859076	-0.136837	0.483281
1380	-0.859076	-0.136837	0.483281
1380	-0.859076	-0.136837	0.483281
1380	-0.859076	-0.136837	0.483281
1380	-0.859076	-0.136837	0.483281
1390	-0.865424	-0.137813	0.483964
1390	-0.865424	-0.137813	0.483964
1390	-0.865424	-0.137813	0.483964
1390	-0.865424	-0.137813	0.483964
1390	-0.865424	-0.137813	0.483964
1400	-0.866386	-0.137164	0.48455
1400	-0.866386	-0.137164	0.48455
1400	-0.866386	-0.137164	0.48455
1400	-0.866386	-0.137164	0.48455
1400	-0.866386	-0.137164	0.48455
1410	-0.861195	-0.139156	0.485278
1410	-0.861195	-0.139156	0.485278
1410	-0.861195	-0.139156	0.485278
1410	-0.861195	-0.139156	0.485278
1410	-0.861195	-0.139156	0.485278
1420	-0.857806	-0.140108	0.48601
1420	-0.857806	-0.140108	0.48601
1420	-0.857806	-0.140108	0.48601
1420	-0.857806	-0.140108	0.48601
1420	-0.857806	-0.140108	0.48601
1430	-0.855789	-0.138711	0.485311
1430	-0.855789	-0.138711	0.485311
1430	-0.855789	-0.138711	0.485311
1430	-0.855789	-0.138711	0.485311
1430	-0.855789	-0.138711	0.485311
1440	-0.855061	-0.136739	0.486439
1440	-0.855061	-0.136739	0.486439
1440	-0.855061	-0.136739	0.486439
1440	-0.855061	-0.136739	0.486439
1440	-0.855061	-0.136739	0.486439
1450	-0.854827	-0.134776	0.487811
1450	-0.854827	-0.134776	0.487811
1450	-0.854827	-0.134776	0.487811
1450	-0.854827	-0.134776	0.487811
1450	-0.854827	-0.134776	0.487811
1460	-0.856658	-0.134048	0.488998
1460	-0.856658	-0.134048	0.488998
1460	-0.856658	-0.134048	0.488998
1460	-0.856658	-0.134048	0.488998
1460	-0.856658	-0.134048	0.488998
1470	-0.855847	-0.133565	0.488978
1470	-0.855847	-0.133565	0.488978
1470	-0.855847	-0.133565	0.488978
1470	-0.855847	-0.133565	0.488978
1470	-0.855847	-0.133565	0.488978
1480	-0.85425	-0.137457	0.489442
1480	-0.85425	-0.137457	0.489442
1480	-0.85425	-0.137457	0.489442
1480	-0.85425	-0.137457	0.489442
1480	-0.85425	-0.137457	0.489442
1490	-0.85384	-0.13939	0.487274
1490	-0.85384	-0.13939	0.487274
1490	-0.85384	-0.13939	0.487274
1490	-0.85384	-0.13939	0.487274
1490	-0.85384	-0.13939	0.487274
1500	-0.854422	-0.139449	0.48434
1500	-0.854422	-0.139449	0.48434
1500	-0.854422	-0.139449	0.48434
1500	-0.854422	-0.139449	0.48434
1500	-0.854422	-0.139449	0.48434
1510	-0.854373	-0.136177	0.482045
1510	-0.854373	-0.136177	0.482045
1510	-0.854373	-0.136177	0.482045
1510	-0.854373	-0.136177	0.482045
1510	-0.854373	-0.136177	0.482045
1520	-0.85368	-0.136905	0.48205
1520	-0.85368	-0.136905	0.48205
1520	-0.85368	-0.136905	0.48205
1520	-0.85368	-0.136905	0.48205
1520	-0.85368	-0.136905	0.48205
1530	-0.855023	-0.137642	0.482162
1530	-0.855023	-0.137642	0.482162
1530	-0.855023	-0.137642	0.482162
1530	-0.855023	-0.137642	0.482162
1530	-0.855023	-0.137642	0.482162
1540	-0.855761	-0.136373	0.484316
1540	-0.855761	-0.136373	0.484316
1540	-0.855761	-0.136373	0.484316
1540	-0.855761	-0.136373	0.484316
1540	-0.855761	-0.136373	0.484316
1550	-0.856654	-0.140196	0.482958
1550	-0.856654	-0.140196	0.482958
1550	-0.856654	-0.140196	0.482958
1550	-0.856654	-0.140196	0.482958
1550	-0.856654	-0.140196	0.482958
1560	-0.8589	-0.142012	0.483842
1560	-0.8589	-0.142012	0.483842
1560	-0.8589	-0.142012	0.483842
1560	-0.8589	-0.142012	0.483842
1560	-0.8589	-0.142012	0.483842
1570	-0.857596	-0.141719	0.482675
1570	-0.857596	-0.141719	0.482675
1570	-0.857596	-0.141719	0.482675
1570	-0.857596	-0.141719	0.482675
1570	-0.857596	-0.141719	0.482675
1580	-0.857336	-0.139039	0.48766
1580	-0.857336	-0.139039	0.48766
1580	-0.857336	-0.139039	0.48766
1580	-0.857336	-0.139039	0.48766
1580	-0.857336	-0.139039	0.48766
1590	-0.859538	-0.139009	0.487064
1590	-0.859538	-0.139009	0.487064
1590	-0.859538	-0.139009	0.487064
1590	-0.859538	-0.139009	0.487064
1590	-0.859538	-0.139009	0.487064
1600	-0.862429	-0.142193	0.485282
1600	-0.862429	-0.142193	0.485282
1600	-0.862429	-0.142193	0.485282
1600	-0.862429	-0.142193	0.485282
1600	-0.862429	-0.142193	0.485282
1610	-0.860261	-0.145499	0.482821
1610	-0.860261	-0.145499	0.482821
1610	-0.860261	-0.145499	0.482821
1610	-0.860261	-0.145499	0.482821
1610	-0.860261	-0.145499	0.482821
1620	-0.858035	-0.144527	0.48785
1620	-0.858035	-0.144527	0.48785
1620	-0.858035	-0.144527	0.48785
1620	-0.858035	-0.144527	0.48785
1620	-0.858035	-0.144527	0.48785
1630	-0.855418	-0.141905	0.49079
1630	-0.855418	-0.141905	0.49079
1630	-0.855418	-0.141905	0.49079
1630	-0.855418	-0.141905	0.49079
1630	-0.855418	-0.141905	0.49079
1640	-0.854051	-0.139776	0.488383
1640	-0.854051	-0.139776	0.488383
1640	-0.854051	-0.139776	0.488383
1640	-0.854051	-0.139776	0.488383
1640	-0.854051	-0.139776	0.488383
1650	-0.8539	-0.139092	0.485644
1650	-0.8539	-0.139092	0.485644
1650	-0.8539	-0.139092	0.485644
1650	-0.8539	-0.139092	0.485644
1650	-0.8539	-0.139092	0.485644
1660	-0.855233	-0.140006	0.485775
1660	-0.855233	-0.140006	0.485775
1660	-0.855233	-0.140006	0.485775
1660	-0.855233	-0.140006	0.485775
1660	-0.855233	-0.140006	0.485775
1670	-0.855687	-0.141495	0.48602
1670	-0.855687	-0.141495	0.48602
1670	-0.855687	-0.141495	0.48602
1670	-0.855687	-0.141495	0.48602
1670	-0.855687	-0.141495	0.48602
1680	-0.856176	-0.141363	0.486132
1680	-0.856176	-0.141363	0.486132
1680	-0.856176	-0.141363	0.486132
1680	-0.856176	-0.141363	0.486132
1680	-0.856176	-0.141363	0.486132
1690	-0.856483	-0.139991	0.484965
1690	-0.856483	-0.139991	0.484965
1690	-0.856483	-0.139991	0.484965
1690	-0.856483	-0.139991	0.484965
1690	-0.856483	-0.139991	0.484965
1700	-0.856816	-0.13963	0.487021
1700	-0.856816	-0.13963	0.487021
1700	-0.856816	-0.13963	0.487021
1700	-0.856816	-0.13963	0.487021
1700	-0.856816	-0.13963	0.487021
1710	-0.857397	-0.140904	0.488046
1710	-0.857397	-0.140904	0.488046
1710	-0.857397	-0.140904	0.488046
1710	-0.857397	-0.140904	0.488046
1710	-0.857397	-0.140904	0.488046
1720	-0.857919	-0.14317	0.488847
1720	-0.857919	-0.14317	0.488847
1720	-0.857919	-0.14317	0.488847
1720	-0.857919	-0.14317	0.488847
1720	-0.857919	-0.14317	0.488847
1730	-0.8579	-0.144679	0.489497
1730	-0.8579	-0.144679	0.489497
1730	-0.8579	-0.144679	0.489497
1730	-0.8579	-0.144679	0.489497
1730	-0.8579	-0.144679	0.489497
1740	-0.856029	-0.141505	0.489868
1740	-0.856029	-0.141505	0.489868
1740	-0.856029	-0.141505	0.489868
1740	-0.856029	-0.141505	0.489868
1740	-0.856029	-0.141505	0.489868
1750	-0.854979	-0.140128	0.490478
1750	-0.854979	-0.140128	0.490478
1750	-0.854979	-0.140128	0.490478
1750	-0.854979	-0.140128	0.490478
1750	-0.854979	-0.140128	0.490478
1760	-0.855619	-0.137691	0.489794
1760	-0.855619	-0.137691	0.489794
1760	-0.855619	-0.137691	0.489794
1760	-0.855619	-0.137691	0.489794
1760	-0.855619	-0.137691	0.489794
1770	-0.85614	-0.136451	0.492001
1770	-0.85614	-0.136451	0.492001
1770	-0.85614	-0.136451	0.492001
1770	-0.85614	-0.136451	0.492001
1770	-0.85614	-0.136451	0.492001
1780	-0.856887	-0.137959	0.48952
1780	-0.856887	-0.137959	0.48952
1780	-0.856887	-0.137959	0.48952
1780	-0.856887	-0.137959	0.48952
1780	-0.856887	-0.137959	0.48952
1790	-0.859641	-0.136944	0.485301
1790	-0.859641	-0.136944	0.485301
1790	-0.859641	-0.136944	0.485301
1790	-0.859641	-0.136944	0.485301
1790	-0.859641	-0.136944	0.485301
1800	-0.861648	-0.134815	0.480804
1800	-0.861648	-0.134815	0.480804
1800	-0.861648	-0.134815	0.480804
1800	-0.861648	-0.134815	0.480804
1800	-0.861648	-0.134815	0.480804
1810	-0.857146	-0.132642	0.481317
1810	-0.857146	-0.132642	0.481317
1810	-0.857146	-0.132642	0.481317
1810	-0.857146	-0.132642	0.481317
1810	-0.857146	-0.132642	0.481317
1820	-0.853157	-0.133604	0.483382
1820	-0.853157	-0.133604	0.483382
1820	-0.853157	-0.133604	0.483382
1820	-0.853157	-0.133604	0.483382
1820	-0.853157	-0.133604	0.483382
1830	-0.85326	-0.133072	0.485961
1830	-0.85326	-0.133072	0.485961
1830	-0.85326	-0.133072	0.485961
1830	-0.85326	-0.133072	0.485961
1830	-0.85326	-0.133072	0.485961
1840	-0.854949	-0.133243	0.488051
1840	-0.854949	-0.133243	0.488051
1840	-0.854949	-0.133243	0.488051
1840	-0.854949	-0.133243	0.488051
1840	-0.854949	-0.133243	0.488051
1850	-0.855775	-0.134976	0.487431
1850	-0.855775	-0.134976	0.487431
1850	-0.855775	-0.134976	0.487431
1850	-0.855775	-0.134976	0.487431
1850	-0.855775	-0.134976	0.487431
1860	-0.85516	-0.137559	0.488158
1860	-0.85516	-0.137559	0.488158
1860	-0.85516	-0.137559	0.488158
1860	-0.85516	-0.137559	0.488158
1860	-0.85516	-0.137559	0.488158
1870	-0.852904	-0.139049	0.487895
1870	-0.852904	-0.139049	0.487895
1870	-0.852904	-0.139049	0.487895
1870	-0.852904	-0.139049	0.487895
1870	-0.852904	-0.139049	0.487895
1880	-0.854593	-0.139112	0.488871
1880	-0.854593	-0.139112	0.488871
1880	-0.854593	-0.139112	0.488871
1880	-0.854593	-0.139112	0.488871
1880	-0.854593	-0.139112	0.488871
1890	-0.855502	-0.138502	0.485795
1890	-0.855502	-0.138502	0.485795
1890	-0.855502	-0.138502	0.485795
1890	-0.855502	-0.138502	0.485795
1890	-0.855502	-0.138502	0.485795
1900	-0.855829	-0.13982	0.484589
1900	-0.855829	-0.13982	0.484589
1900	-0.855829	-0.13982	0.484589
1900	-0.855829	-0.13982	0.484589
1900	-0.855829	-0.13982	0.484589
1910	-0.856454	-0.141973	0.479926
1910	-0.856454	-0.141973	0.479926
1910	-0.856454	-0.141973	0.479926
1910	-0.856454	-0.141973	0.479926
1910	-0.856454	-0.141973	0.479926
1920	-0.857328	-0.143927	0.48125
1920	-0.857328	-0.143927	0.48125
1920	-0.857328	-0.143927	0.48125
1920	-0.857328	-0.143927	0.48125
1920	-0.857328	-0.143927	0.48125
1930	-0.858134	-0.142388	0.483632
1930	-0.858134	-0.142388	0.483632
1930	-0.858134	-0.142388	0.483632
1930	-0.858134	-0.142388	0.483632
1930	-0.858134	-0.142388	0.483632
1940	-0.856254	-0.139884	0.488349
1940	-0.856254	-0.139884	0.488349
1940	-0.856254	-0.139884	0.488349
1940	-0.856254	-0.139884	0.488349
1940	-0.856254	-0.139884	0.488349
1950	-0.854061	-0.138614	0.490043
1950	-0.854061	-0.138614	0.490043
1950	-0.854061	-0.138614	0.490043
1950	-0.854061	-0.138614	0.490043
1950	-0.854061	-0.138614	0.490043
1960	-0.853259	-0.139029	0.49035
1960	-0.853259	-0.139029	0.49035
1960	-0.853259	-0.139029	0.49035
1960	-0.853259	-0.139029	0.49035
1960	-0.853259	-0.139029	0.49035
1970	-0.853733	-0.139385	0.488534
1970	-0.853733	-0.139385	0.488534
1970	-0.853733	-0.139385	0.488534
1970	-0.853733	-0.139385	0.488534
1970	-0.853733	-0.139385	0.488534
1980	-0.853928	-0.139571	0.48639
1980	-0.853928	-0.139571	0.48639
1980	-0.853928	-0.139571	0.48639
1980	-0.853928	-0.139571	0.48639
1980	-0.853928	-0.139571	0.48639
1990	-0.855154	-0.140826	0.486195
1990	-0.855154	-0.140826	0.486195
1990	-0.855154	-0.140826	0.486195
1990	-0.855154	-0.140826	0.486195
1990	-0.855154	-0.140826	0.486195
2000	-0.856394	-0.142388	0.484374
2000	-0.856394	-0.142388	0.484374
2000	-0.856394	-0.142388	0.484374
2000	-0.856394	-0.142388	0.484374
2000	-0.856394	-0.142388	0.484374
2010	-0.857581	-0.140982	0.483114
2010	-0.857581	-0.140982	0.483114
2010	-0.857581	-0.140982	0.483114
2010	-0.857581	-0.140982	0.483114
2010	-0.857581	-0.140982	0.483114
2020	-0.857376	-0.138751	0.483226
2020	-0.857376	-0.138751	0.483226
2020	-0.857376	-0.138751	0.483226
2020	-0.857376	-0.138751	0.483226
2020	-0.857376	-0.138751	0.483226
2030	-0.857762	-0.138272	0.482904
2030	-0.857762	-0.138272	0.482904
2030	-0.857762	-0.138272	0.482904
2030	-0.857762	-0.138272	0.482904
2030	-0.857762	-0.138272	0.482904
2040	-0.858475	-0.139454	0.484838
2040	-0.858475	-0.139454	0.484838
2040	-0.858475	-0.139454	0.484838
2040	-0.858475	-0.139454	0.484838
2040	-0.858475	-0.139454	0.484838
2050	-0.858846	-0.14044	0.485858
2050	-0.858846	-0.14044	0.485858
2050	-0.858846	-0.14044	0.485858
2050	-0.858846	-0.14044	0.485858
2050	-0.858846	-0.14044	0.485858
2060	-0.857122	-0.139034	0.486845
2060	-0.857122	-0.139034	0.486845
2060	-0.857122	-0.139034	0.486845
2060	-0.857122	-0.139034	0.486845
2060	-0.857122	-0.139034	0.486845
2070	-0.859872	-0.138995	0.485141
2070	-0.859872	-0.138995	0.485141
2070	-0.859872	-0.138995	0.485141
2070	-0.859872	-0.138995	0.485141
2070	-0.859872	-0.138995	0.485141
2080	-0.857518	-0.139014	0.482895
2080	-0.857518	-0.139014	0.482895
2080	-0.857518	-0.139014	0.482895
2080	-0.857518	-0.139014	0.482895
2080	-0.857518	-0.139014	0.482895
2090	-0.856298	-0.14003	0.477963
2090	-0.856298	-0.14003	0.477963
2090	-0.856298	-0.14003	0.477963
2090	-0.856298	-0.14003	0.477963
2090	-0.856298	-0.14003	0.477963
2100	-0.856567	-0.139547	0.47478
2100	-0.856567	-0.139547	0.47478
2100	-0.856567	-0.139547	0.47478
2100	-0.856567	-0.139547	0.47478
2100	-0.856567	-0.139547	0.47478
2110	-0.858197	-0.139859	0.476757
2110	-0.858197	-0.139859	0.476757
2110	-0.858197	-0.139859	0.476757
2110	-0.858197	-0.139859	0.476757
2110	-0.858197	-0.139859	0.476757
2120	-0.859608	-0.140841	0.483964
2120	-0.859608	-0.140841	0.483964
2120	-0.859608	-0.140841	0.483964
2120	-0.859608	-0.140841	0.483964
2120	-0.859608	-0.140841	0.483964
2130	-0.861395	-0.145255	0.485888
2130	-0.861395	-0.145255	0.485888
2130	-0.861395	-0.145255	0.485888
2130	-0.861395	-0.145255	0.485888
2130	-0.861395	-0.145255	0.485888
2140	-0.85823	-0.143926	0.484637
2140	-0.85823	-0.143926	0.484637
2140	-0.85823	-0.143926	0.484637
2140	-0.85823	-0.143926	0.484637
2140	-0.85823	-0.143926	0.484637
2150	-0.855681	-0.140474	0.483045
2150	-0.855681	-0.140474	0.483045
2150	-0.855681	-0.140474	0.483045
2150	-0.855681	-0.140474	0.483045
2150	-0.855681	-0.140474	0.483045
2160	-0.85344	-0.138467	0.484598
2160	-0.85344	-0.138467	0.484598
2160	-0.85344	-0.138467	0.484598
2160	-0.85344	-0.138467	0.484598
2160	-0.85344	-0.138467	0.484598
2170	-0.850378	-0.138184	0.487128
2170	-0.850378	-0.138184	0.487128
2170	-0.850378	-0.138184	0.487128
2170	-0.850378	-0.138184	0.487128
2170	-0.850378	-0.138184	0.487128
2180	-0.848772	-0.13919	0.491566
2180	-0.848772	-0.13919	0.491566
2180	-0.848772	-0.13919	0.491566
2180	-0.848772	-0.13919	0.491566
2180	-0.848772	-0.13919	0.491566
2190	-0.850261	-0.140181	0.492699
2190	-0.850261	-0.140181	0.492699
2190	-0.850261	-0.140181	0.492699
2190	-0.850261	-0.140181	0.492699
2190	-0.850261	-0.140181	0.492699
2200	-0.851804	-0.142974	0.488739
2200	-0.851804	-0.142974	0.488739
2200	-0.851804	-0.142974	0.488739
2200	-0.851804	-0.142974	0.488739
2200	-0.851804	-0.142974	0.488739
2210	-0.851121	-0.144361	0.485219
2210	-0.851121	-0.144361	0.485219
2210	-0.851121	-0.144361	0.485219
2210	-0.851121	-0.144361	0.485219
2210	-0.851121	-0.144361	0.485219
2220	-0.850028	-0.146026	0.482548
2220	-0.850028	-0.146026	0.482548
2220	-0.850028	-0.146026	0.482548
2220	-0.850028	-0.146026	0.482548
2220	-0.850028	-0.146026	0.482548
2230	-0.850565	-0.143487	0.483173
2230	-0.850565	-0.143487	0.483173
2230	-0.850565	-0.143487	0.483173
2230	-0.850565	-0.143487	0.483173
2230	-0.850565	-0.143487	0.483173
2240	-0.851371	-0.140196	0.484516
2240	-0.851371	-0.140196	0.484516
2240	-0.851371	-0.140196	0.484516
2240	-0.851371	-0.140196	0.484516
2240	-0.851371	-0.140196	0.484516
2250	-0.852581	-0.137647	0.485863
2250	-0.852581	-0.137647	0.485863
2250	-0.852581	-0.137647	0.485863
2250	-0.852581	-0.137647	0.485863
2250	-0.852581	-0.137647	0.485863
2260	-0.854193	-0.135259	0.484799
2260	-0.854193	-0.135259	0.484799
2260	-0.854193	-0.135259	0.484799
2260	-0.854193	-0.135259	0.484799
2260	-0.854193	-0.135259	0.484799
2270	-0.856649	-0.137823	0.481484
2270	-0.856649	-0.137823	0.481484
2270	-0.856649	-0.137823	0.481484
2270	-0.856649	-0.137823	0.481484
2270	-0.856649	-0.137823	0.481484
2280	-0.860311	-0.140933	0.483666
2280	-0.860311	-0.140933	0.483666
2280	-0.860311	-0.140933	0.483666
2280	-0.860311	-0.140933	0.483666
2280	-0.860311	-0.140933	0.483666
2290	-0.862948	-0.145841	0.485996
2290	-0.862948	-0.145841	0.485996
2290	-0.862948	-0.145841	0.485996
2290	-0.862948	-0.145841	0.485996
2290	-0.862948	-0.145841	0.485996
2300	-0.860292	-0.145489	0.482568
2300	-0.860292	-0.145489	0.482568
2300	-0.860292	-0.145489	0.482568
2300	-0.860292	-0.145489	0.482568
2300	-0.860292	-0.145489	0.482568
2310	-0.856576	-0.143399	0.484238
2310	-0.856576	-0.143399	0.484238
2310	-0.856576	-0.143399	0.484238
2310	-0.856576	-0.143399	0.484238
2310	-0.856576	-0.143399	0.484238
2320	-0.854335	-0.141632	0.485507
2320	-0.854335	-0.141632	0.485507
2320	-0.854335	-0.141632	0.485507
2320	-0.854335	-0.141632	0.485507
2320	-0.854335	-0.141632	0.485507
2330	-0.853567	-0.138838	0.486967
2330	-0.853567	-0.138838	0.486967
2330	-0.853567	-0.138838	0.486967
2330	-0.853567	-0.138838	0.486967
2330	-0.853567	-0.138838	0.486967
2340	-0.854514	-0.137569	0.486478
2340	-0.854514	-0.137569	0.486478
2340	-0.854514	-0.137569	0.486478
2340	-0.854514	-0.137569	0.486478
2340	-0.854514	-0.137569	0.486478
2350	-0.855964	-0.138809	0.48496
2350	-0.855964	-0.138809	0.48496
2350	-0.855964	-0.138809	0.48496
2350	-0.855964	-0.138809	0.48496
2350	-0.855964	-0.138809	0.48496
2360	-0.856756	-0.139683	0.485741
2360	-0.856756	-0.139683	0.485741
2360	-0.856756	-0.139683	0.485741
2360	-0.856756	-0.139683	0.485741
2360	-0.856756	-0.139683	0.485741
2370	-0.856375	-0.139175	0.486805
2370	-0.856375	-0.139175	0.486805
2370	-0.856375	-0.139175	0.486805
2370	-0.856375	-0.139175	0.486805
2370	-0.856375	-0.139175	0.486805
2380	-0.854671	-0.138755	0.486244
2380	-0.854671	-0.138755	0.486244
2380	-0.854671	-0.138755	0.486244
2380	-0.854671	-0.138755	0.486244
2380	-0.854671	-0.138755	0.486244
2390	-0.855647	-0.142081	0.485634
2390	-0.855647	-0.142081	0.485634
2390	-0.855647	-0.142081	0.485634
2390	-0.855647	-0.142081	0.485634
2390	-0.855647	-0.142081	0.485634
2400	-0.856155	-0.144766	0.483363
2400	-0.856155	-0.144766	0.483363
2400	-0.856155	-0.144766	0.483363
2400	-0.856155	-0.144766	0.483363
2400	-0.856155	-0.144766	0.483363
2410	-0.857264	-0.147442	0.482577
2410	-0.857264	-0.147442	0.482577
2410	-0.857264	-0.147442	0.482577
2410	-0.857264	-0.147442	0.482577
2410	-0.857264	-0.147442	0.482577
2420	-0.857035	-0.14503	0.479467
2420	-0.857035	-0.14503	0.479467
2420	-0.857035	-0.14503	0.479467
2420	-0.857035	-0.14503	0.479467
2420	-0.857035	-0.14503	0.479467
2430	-0.854242	-0.142701	0.481269
2430	-0.854242	-0.142701	0.481269
2430	-0.854242	-0.142701	0.481269
2430	-0.854242	-0.142701	0.481269
2430	-0.854242	-0.142701	0.481269
2440	-0.852841	-0.138297	0.481928
2440	-0.852841	-0.138297	0.481928
2440	-0.852841	-0.138297	0.481928
2440	-0.852841	-0.138297	0.481928
2440	-0.852841	-0.138297	0.481928
2450	-0.851791	-0.133795	0.483373
2450	-0.851791	-0.133795	0.483373
2450	-0.851791	-0.133795	0.483373
2450	-0.851791	-0.133795	0.483373
2450	-0.851791	-0.133795	0.483373
2460	-0.85373	-0.134517	0.483613
2460	-0.85373	-0.134517	0.483613
2460	-0.85373	-0.134517	0.483613
2460	-0.85373	-0.134517	0.483613
2460	-0.85373	-0.134517	0.483613
2470	-0.852514	-0.136007	0.48519
2470	-0.852514	-0.136007	0.48519
2470	-0.852514	-0.136007	0.48519
2470	-0.852514	-0.136007	0.48519
2470	-0.852514	-0.136007	0.48519
2480	-0.853432	-0.138082	0.487812
2480	-0.853432	-0.138082	0.487812
2480	-0.853432	-0.138082	0.487812
2480	-0.853432	-0.138082	0.487812
2480	-0.853432	-0.138082	0.487812
2490	-0.856396	-0.138472	0.487065
2490	-0.856396	-0.138472	0.487065
2490	-0.856396	-0.138472	0.487065
2490	-0.856396	-0.138472	0.487065
2490	-0.856396	-0.138472	0.487065
2500	-0.858559	-0.139913	0.486547
2500	-0.858559	-0.139913	0.486547
2500	-0.858559	-0.139913	0.486547
2500	-0.858559	-0.139913	0.486547
2500	-0.858559	-0.139913	0.486547
2510	-0.857958	-0.140601	0.486689
2510	-0.857958	-0.140601	0.486689
2510	-0.857958	-0.140601	0.486689
2510	-0.857958	-0.140601	0.486689
2510	-0.857958	-0.140601	0.486689
2520	-0.857235	-0.141446	0.487524
2520	-0.857235	-0.141446	0.487524
2520	-0.857235	-0.141446	0.487524
2520	-0.857235	-0.141446	0.487524
2520	-0.857235	-0.141446	0.487524
2530	-0.859715	-0.140069	0.484676
2530	-0.859715	-0.140069	0.484676
2530	-0.859715	-0.140069	0.484676
2530	-0.859715	-0.140069	0.484676
2530	-0.859715	-0.140069	0.484676
2540	-0.863386	-0.139058	0.482279
2540	-0.863386	-0.139058	0.482279
2540	-0.863386	-0.139058	0.482279
2540	-0.863386	-0.139058	0.482279
2540	-0.863386	-0.139058	0.482279
2550	-0.860876	-0.138887	0.479515
2550	-0.860876	-0.138887	0.479515
2550	-0.860876	-0.138887	0.479515
2550	-0.860876	-0.138887	0.479515
2550	-0.860876	-0.138887	0.479515
2560	-0.858679	-0.13667	0.481757
2560	-0.858679	-0.13667	0.481757
2560	-0.858679	-0.13667	0.481757
2560	-0.858679	-0.13667	0.481757
2560	-0.858679	-0.13667	0.481757
2570	-0.856028	-0.136959	0.482567
2570	-0.856028	-0.136959	0.482567
2570	-0.856028	-0.136959	0.482567
2570	-0.856028	-0.136959	0.482567
2570	-0.856028	-0.136959	0.482567
2580	-0.853943	-0.13815	0.484076
2580	-0.853943	-0.13815	0.484076
2580	-0.853943	-0.13815	0.484076
2580	-0.853943	-0.13815	0.484076
2580	-0.853943	-0.13815	0.484076
2590	-0.851648	-0.138926	0.484027
2590	-0.851648	-0.138926	0.484027
2590	-0.851648	-0.138926	0.484027
2590	-0.851648	-0.138926	0.484027
2590	-0.851648	-0.138926	0.484027
2600	-0.853338	-0.139957	0.480907
2600	-0.853338	-0.139957	0.480907
2600	-0.853338	-0.139957	0.480907
2600	-0.853338	-0.139957	0.480907
2600	-0.853338	-0.139957	0.480907
2610	-0.854896	-0.138956	0.480526
2610	-0.854896	-0.138956	0.480526
2610	-0.854896	-0.138956	0.480526
2610	-0.854896	-0.138956	0.480526
2610	-0.854896	-0.138956	0.480526
2620	-0.855091	-0.137408	0.483046
2620	-0.855091	-0.137408	0.483046
2620	-0.855091	-0.137408	0.483046
2620	-0.855091	-0.137408	0.483046
2620	-0.855091	-0.137408	0.483046
2630	-0.851356	-0.134005	0.484438
2630	-0.851356	-0.134005	0.484438
2630	-0.851356	-0.134005	0.484438
2630	-0.851356	-0.134005	0.484438
2630	-0.851356	-0.134005	0.484438
2640	-0.851244	-0.135167	0.486498
2640	-0.851244	-0.135167	0.486498
2640	-0.851244	-0.135167	0.486498
2640	-0.851244	-0.135167	0.486498
2640	-0.851244	-0.135167	0.486498
2650	-0.853608	-0.135592	0.484287
2650	-0.853608	-0.135592	0.484287
2650	-0.853608	-0.135592	0.484287
2650	-0.853608	-0.135592	0.484287
2650	-0.853608	-0.135592	0.484287
2660	-0.85811	-0.137428	0.483642
2660	-0.85811	-0.137428	0.483642
2660	-0.85811	-0.137428	0.483642
2660	-0.85811	-0.137428	0.483642
2660	-0.85811	-0.137428	0.483642
2670	-0.861981	-0.139068	0.48229
2670	-0.861981	-0.139068	0.48229
2670	-0.861981	-0.139068	0.48229
2670	-0.861981	-0.139068	0.48229
2670	-0.861981	-0.139068	0.48229
2680	-0.859457	-0.140455	0.481303
2680	-0.859457	-0.140455	0.481303
2680	-0.859457	-0.140455	0.481303
2680	-0.859457	-0.140455	0.481303
2680	-0.859457	-0.140455	0.481303
2690	-0.859256	-0.140689	0.483763
2690	-0.859256	-0.140689	0.483763
2690	-0.859256	-0.140689	0.483763
2690	-0.859256	-0.140689	0.483763
2690	-0.859256	-0.140689	0.483763
2700	-0.859734	-0.140357	0.486376
2700	-0.859734	-0.140357	0.486376
2700	-0.859734	-0.140357	0.486376
2700	-0.859734	-0.140357	0.486376
2700	-0.859734	-0.140357	0.486376
2710	-0.860012	-0.14146	0.48536
2710	-0.860012	-0.14146	0.48536
2710	-0.860012	-0.14146	0.48536
2710	-0.860012	-0.14146	0.48536
2710	-0.860012	-0.14146	0.48536
2720	-0.86136	-0.1421	0.48121
2720	-0.86136	-0.1421	0.48121
2720	-0.86136	-0.1421	0.48121
2720	-0.86136	-0.1421	0.48121
2720	-0.86136	-0.1421	0.48121
2730	-0.856487	-0.137549	0.483612
2730	-0.856487	-0.137549	0.483612
2730	-0.856487	-0.137549	0.483612
2730	-0.856487	-0.137549	0.483612
2730	-0.856487	-0.137549	0.483612
2740	-0.854949	-0.138326	0.486166
2740	-0.854949	-0.138326	0.486166
2740	-0.854949	-0.138326	0.486166
2740	-0.854949	-0.138326	0.486166
2740	-0.854949	-0.138326	0.486166
2750	-0.855139	-0.139136	0.490184
2750	-0.855139	-0.139136	0.490184
2750	-0.855139	-0.139136	0.490184
2750	-0.855139	-0.139136	0.490184
2750	-0.855139	-0.139136	0.490184
2760	-0.857508	-0.138604	0.490121
2760	-0.857508	-0.138604	0.490121
2760	-0.857508	-0.138604	0.490121
2760	-0.857508	-0.138604	0.490121
2760	-0.857508	-0.138604	0.490121
2770	-0.855442	-0.136539	0.49162
2770	-0.855442	-0.136539	0.49162
2770	-0.855442	-0.136539	0.49162
2770	-0.855442	-0.136539	0.49162
2770	-0.855442	-0.136539	0.49162
2780	-0.85451	-0.133482	0.492294
2780	-0.85451	-0.133482	0.492294
2780	-0.85451	-0.133482	0.492294
2780	-0.85451	-0.133482	0.492294
2780	-0.85451	-0.133482	0.492294
2790	-0.855032	-0.134195	0.490487
2790	-0.855032	-0.134195	0.490487
2790	-0.855032	-0.134195	0.490487
2790	-0.855032	-0.134195	0.490487
2790	-0.855032	-0.134195	0.490487
2800	-0.856185	-0.13316	0.48997
2800	-0.856185	-0.13316	0.48997
2800	-0.856185	-0.13316	0.48997
2800	-0.856185	-0.13316	0.48997
2800	-0.856185	-0.13316	0.48997
2810	-0.856781	-0.130972	0.492421
2810	-0.856781	-0.130972	0.492421
2810	-0.856781	-0.130972	0.492421
2810	-0.856781	-0.130972	0.492421
2810	-0.856781	-0.130972	0.492421
2820	-0.858846	-0.131295	0.491908
2820	-0.858846	-0.131295	0.491908
2820	-0.858846	-0.131295	0.491908
2820	-0.858846	-0.131295	0.491908
2820	-0.858846	-0.131295	0.491908
2830	-0.858607	-0.135484	0.492099
2830	-0.858607	-0.135484	0.492099
2830	-0.858607	-0.135484	0.492099
2830	-0.858607	-0.135484	0.492099
2830	-0.858607	-0.135484	0.492099
2840	-0.85766	-0.138575	0.490712
2840	-0.85766	-0.138575	0.490712
2840	-0.85766	-0.138575	0.490712
2840	-0.85766	-0.138575	0.490712
2840	-0.85766	-0.138575	0.490712
2850	-0.855663	-0.138238	0.48893
2850	-0.855663	-0.138238	0.48893
2850	-0.855663	-0.138238	0.48893
2850	-0.855663	-0.138238	0.48893
2850	-0.855663	-0.138238	0.48893
2860	-0.854301	-0.138824	0.484311
2860	-0.854301	-0.138824	0.484311
2860	-0.854301	-0.138824	0.484311
2860	-0.854301	-0.138824	0.484311
2860	-0.854301	-0.138824	0.484311
2870	-0.854135	-0.140015	0.484306
2870	-0.854135	-0.140015	0.484306
2870	-0.854135	-0.140015	0.484306
2870	-0.854135	-0.140015	0.484306
2870	-0.854135	-0.140015	0.484306
2880	-0.85603	-0.141656	0.487456
2880	-0.85603	-0.141656	0.487456
2880	-0.85603	-0.141656	0.487456
2880	-0.85603	-0.141656	0.487456
2880	-0.85603	-0.141656	0.487456
2890	-0.854614	-0.141412	0.490214
2890	-0.854614	-0.141412	0.490214
2890	-0.854614	-0.141412	0.490214
2890	-0.854614	-0.141412	0.490214
2890	-0.854614	-0.141412	0.490214
2900	-0.853813	-0.140709	0.487602
2900	-0.853813	-0.140709	0.487602
2900	-0.853813	-0.140709	0.487602
2900	-0.853813	-0.140709	0.487602
2900	-0.853813	-0.140709	0.487602
2910	-0.852298	-0.141329	0.485287
2910	-0.852298	-0.141329	0.485287
2910	-0.852298	-0.141329	0.485287
2910	-0.852298	-0.141329	0.485287
2910	-0.852298	-0.141329	0.485287
2920	-0.85345	-0.14273	0.486547
2920	-0.85345	-0.14273	0.486547
2920	-0.85345	-0.14273	0.486547
2920	-0.85345	-0.14273	0.486547
2920	-0.85345	-0.14273	0.486547
2930	-0.854065	-0.145753	0.491893
2930	-0.854065	-0.145753	0.491893
2930	-0.854065	-0.145753	0.491893
2930	-0.854065	-0.145753	0.491893
2930	-0.854065	-0.145753	0.491893
2940	-0.855208	-0.142618	0.49307
2940	-0.855208	-0.142618	0.49307
2940	-0.855208	-0.142618	0.49307
2940	-0.855208	-0.142618	0.49307
2940	-0.855208	-0.142618	0.49307
2950	-0.85449	-0.139131	0.489447
2950	-0.85449	-0.139131	0.489447
2950	-0.85449	-0.139131	0.489447
2950	-0.85449	-0.139131	0.489447
2950	-0.85449	-0.139131	0.489447
2960	-0.852654	-0.138262	0.487084
2960	-0.852654	-0.138262	0.487084
2960	-0.852654	-0.138262	0.487084
2960	-0.852654	-0.138262	0.487084
2960	-0.852654	-0.138262	0.487084
2970	-0.853723	-0.13876	0.487518
2970	-0.853723	-0.13876	0.487518
2970	-0.853723	-0.13876	0.487518
2970	-0.853723	-0.13876	0.487518
2970	-0.853723	-0.13876	0.487518
2980	-0.853738	-0.138951	0.490594
2980	-0.853738	-0.138951	0.490594
2980	-0.853738	-0.138951	0.490594
2980	-0.853738	-0.138951	0.490594
2980	-0.853738	-0.138951	0.490594
2990	-0.854666	-0.138404	0.490634
2990	-0.854666	-0.138404	0.490634
2990	-0.854666	-0.138404	0.490634
2990	-0.854666	-0.138404	0.490634
2990	-0.854666	-0.138404	0.490634
