90	-0.0547485	0.107053	1.01889
100	-0.0508423	0.108823	1.02197
110	-0.0508423	0.112027	1.0256
120	-0.0518494	0.112546	1.02744
130	-0.0519409	0.113462	1.02679
140	-0.0528564	0.107511	1.02353
150	-0.04776	0.101102	1.02008
160	-0.0453186	0.0961582	1.01526
170	-0.0408325	0.0955479	1.01447
180	-0.0388794	0.095731	1.01752
190	-0.0336609	0.0946629	1.02142
200	-0.0258484	0.097562	1.02866
210	-0.0204468	0.101163	1.03778
220	-0.016571	0.108518	1.04596
230	-0.0166626	0.114713	1.04974
240	-0.0163879	0.120084	1.05518
250	-0.0215454	0.124112	1.0575
260	-0.0209656	0.127835	1.05942
270	-0.0248108	0.134	1.06055
280	-0.028656	0.137754	1.05814
290	-0.0273437	0.136716	1.05334
300	-0.0240173	0.134153	1.04807
310	-0.0223694	0.133756	1.04718
320	-0.0206604	0.132535	1.04257
330	-0.0158691	0.131253	1.03708
340	-0.0195312	0.125852	1.02603
350	-0.0181274	0.117093	1.01611
360	-0.0185242	0.106626	1.00534
370	-0.0209656	0.0967381	0.992615
380	-0.0233765	0.0884983	0.981445
390	-0.0261841	0.0801975	0.967804
400	-0.0296326	0.074918	0.959839
410	-0.0333252	0.074094	0.957764
420	-0.0314636	0.075742	0.95935
430	-0.0353088	0.0755589	0.956329
440	-0.0388184	0.080106	0.954559
450	-0.0422363	0.0852635	0.95581
460	-0.0465698	0.0863011	0.956573
470	-0.047699	0.0909397	0.961853
480	-0.0484009	0.0952122	0.968048
490	-0.0479736	0.0982945	0.970917
500	-0.0510559	0.103269	0.97287
510	-0.0521545	0.107389	0.975311
520	-0.0521545	0.10864	0.978027
530	-0.0508118	0.110288	0.979889
540	-0.0498962	0.114774	0.982208
550	-0.0491943	0.115567	0.983185
560	-0.0445862	0.114804	0.981171
570	-0.043396	0.113004	0.97821
580	-0.0411682	0.110532	0.976166
590	-0.0363769	0.108121	0.977142
600	-0.0322571	0.107511	0.977356
610	-0.0323791	0.107511	0.979828
620	-0.0290222	0.108976	0.983246
630	-0.0242004	0.112272	0.991028
640	-0.0213928	0.116849	1.00012
650	-0.0166016	0.122495	1.00803
660	-0.0145264	0.121762	1.01227
670	-0.0150452	0.123624	1.0159
680	-0.0137329	0.124173	1.01889
690	-0.00784302	0.126126	1.02509
700	-0.00308228	0.129117	1.03165
710	-0.00195312	0.130765	1.0321
720	-0.00265503	0.129941	1.03024
730	-0.00506592	0.127439	1.02838
740	-0.00527954	0.130368	1.03024
750	-0.00430298	0.13281	1.02908
760	-0.00595093	0.13281	1.02902
770	-0.00595093	0.132566	1.02582
780	-0.00817871	0.128965	1.01886
790	-0.00692749	0.124265	1.01315
800	-0.012146	0.124051	1.0054
810	-0.0182495	0.118924	0.998138
820	-0.0222473	0.115079	0.991485
830	-0.0206909	0.11398	0.990814
840	-0.0201416	0.115903	0.989258
850	-0.0239563	0.11926	0.988953
860	-0.0256958	0.123777	0.99353
870	-0.0294189	0.126523	0.996124
880	-0.0265808	0.126126	1.00189
890	-0.020752	0.128751	1.00528
900	-0.0174255	0.12811	1.00574
910	-0.0187073	0.125852	1.0018
920	-0.0169678	0.122922	1.00061
930	-0.0173035	0.116971	0.996948
940	-0.0149536	0.112272	0.992584
950	-0.0134888	0.112516	0.994018
960	-0.0124512	0.111631	0.994934
970	-0.0113525	0.114164	0.996521
980	-0.00811767	0.118253	1.0032
990	-0.00726318	0.123594	1.0116
1000	-0.00946045	0.129117	1.01395
1010	-0.0140076	0.134671	1.01453
1020	-0.0212708	0.138791	1.01129
1030	-0.0255737	0.13751	1.00214
1040	-0.0289917	0.135099	0.994202
1050	-0.033783	0.132077	0.986511
1060	-0.0408936	0.127683	0.976929
1070	-0.0448608	0.121976	0.967468
1080	-0.0458679	0.117978	0.965362
1090	-0.0415344	0.11691	0.967529
1100	-0.0397034	0.117643	0.972992
1110	-0.0348511	0.118711	0.981293
1120	-0.0337524	0.120145	0.987305
1130	-0.0326538	0.121305	0.993011
1140	-0.0316162	0.126279	0.997314
1150	-0.033844	0.132535	1.00247
1160	-0.0333862	0.135312	1.00113
1170	-0.0362854	0.136167	0.999237
1180	-0.0363464	0.134549	0.996063
1190	-0.0410156	0.134549	0.989807
1200	-0.0448608	0.137021	0.987823
1210	-0.0450745	0.142606	0.989685
1220	-0.0446167	0.146177	0.992065
1230	-0.0440979	0.144284	0.991363
1240	-0.0471191	0.144559	0.993713
1250	-0.0465698	0.141172	0.994598
1260	-0.0449219	0.139249	0.995026
1270	-0.0488281	0.13873	0.996368
1280	-0.0505676	0.13693	0.99588
1290	-0.0529175	0.131406	0.993378
1300	-0.055481	0.123929	0.992462
1310	-0.054657	0.121	0.993774
1320	-0.0548706	0.118528	0.994354
1330	-0.0541687	0.117734	0.995422
1340	-0.0589905	0.115079	0.995636
1350	-0.0578918	0.114774	0.997925
1360	-0.0559998	0.115964	1.00265
1370	-0.0557251	0.12164	1.01193
1380	-0.0571594	0.13107	1.01968
1390	-0.0634155	0.138669	1.02267
1400	-0.0686645	0.139005	1.02335
1410	-0.0741272	0.139859	1.02127
1420	-0.0755615	0.141813	1.01944
1430	-0.0780334	0.139707	1.01868
1440	-0.0820312	0.137906	1.01575
1450	-0.0840759	0.133786	1.01239
1460	-0.085022	0.129422	1.0072
1470	-0.0838928	0.125974	1.00613
1480	-0.0786438	0.124326	1.00906
1490	-0.0759277	0.126737	1.01553
1500	-0.0538635	0.128904	1.01874
1510	-0.0582886	0.129636	1.01801
1520	-0.0523071	0.128171	1.01938
1530	-0.0522156	0.124418	1.01407
1540	-0.0514831	0.120511	1.00751
1550	-0.0504761	0.11456	1.00049
1560	-0.0531616	0.117276	0.997864
1570	-0.0547791	0.119535	0.994629
1580	-0.075531	0.119413	0.996185
1590	-0.0712585	0.120145	0.999786
1600	-0.0698547	0.123258	1.00262
1610	-0.0671692	0.129514	1.00882
1620	-0.068634	0.134702	1.0162
1630	-0.0680237	0.139219	1.02567
1640	-0.0631409	0.140592	1.03204
1650	-0.0582886	0.140836	1.03439
1660	-0.0566711	0.142392	1.03458
1670	-0.0544739	0.141416	1.03241
1680	-0.0587768	0.13751	1.0278
1690	-0.0589294	0.133207	1.02386
1700	-0.0557556	0.127744	1.02054
1710	-0.0531616	0.12634	1.01434
1720	-0.0561523	0.1228	1.00595
1730	-0.0621033	0.115689	0.99826
1740	-0.0647278	0.106137	0.99237
1750	-0.0627747	0.10214	0.989868
1760	-0.0619507	0.101468	0.988403
1770	-0.0619812	0.0969822	0.988678
1780	-0.0561829	0.0978062	0.995575
1790	-0.0556335	0.0994236	1.00494
1800	-0.0568542	0.100583	1.01538
1810	-0.0552673	0.104337	1.02686
1820	-0.0506592	0.111173	1.04095
1830	-0.0505981	0.117917	1.05417
1840	-0.0494385	0.123655	1.06808
1850	-0.0521851	0.133451	1.07996
1860	-0.0577087	0.137967	1.08807
1870	-0.0578003	0.138456	1.08957
1880	-0.0594788	0.138852	1.08719
1890	-0.0595703	0.140043	1.08609
1900	-0.0614319	0.139615	1.08115
1910	-0.0647888	0.137754	1.07504
1920	-0.0698547	0.137632	1.06793
1930	-0.0708313	0.133847	1.06216
1940	-0.0722656	0.129728	1.05365
1950	-0.0733643	0.125425	1.04813
1960	-0.068634	0.123075	1.04669
1970	-0.0670471	0.116483	1.04138
1980	-0.067688	0.112333	1.03549
1990	-0.0664978	0.108884	1.03088
2000	-0.0658569	0.10333	1.02759
2010	-0.0602722	0.0979893	1.02173
2020	-0.0602112	0.0964329	1.01947
2030	-0.0602722	0.0955784	1.01941
2040	-0.0597229	0.0927097	1.01834
2050	-0.057373	0.0931675	1.01883
2060	-0.0560608	0.0932285	1.01935
2070	-0.0592041	0.0909397	1.01651
2080	-0.056488	0.0881321	1.01437
2090	-0.0580444	0.0852635	1.01328
2100	-0.0579834	0.0794956	1.00845
2110	-0.0586243	0.0770542	1.00275
2120	-0.0620117	0.076627	0.996002
2130	-0.0630798	0.0743382	0.994568
2140	-0.0618896	0.0751621	0.996429
2150	-0.0596619	0.0786411	1.00024
2160	-0.0577087	0.0822422	1.00265
2170	-0.061554	0.0880406	1.00473
2180	-0.0648804	0.0910618	1.00488
2190	-0.0636902	0.0913059	1.00681
2200	-0.0635376	0.093961	1.01279
2210	-0.0668945	0.0995152	1.01425
2220	-0.0704346	0.101926	1.01483
2230	-0.0695496	0.104276	1.01767
2240	-0.0734558	0.107175	1.02029
2250	-0.0720215	0.107877	1.02313
2260	-0.0696411	0.113736	1.0282
2270	-0.0744934	0.120023	1.03189
2280	-0.0747681	0.119901	1.03079
2290	-0.0723267	0.118283	1.03333
2300	-0.0741882	0.118345	1.0343
2310	-0.0750122	0.116208	1.03375
2320	-0.0744629	0.113126	1.03247
2330	-0.07724	0.112241	1.03064
2340	-0.0763855	0.109433	1.03091
2350	-0.0718994	0.108487	1.03061
2360	-0.0714722	0.11102	1.03226
2370	-0.0717468	0.111631	1.03146
2380	-0.065155	0.107755	1.03149
2390	-0.0641479	0.108701	1.0332
2400	-0.0627136	0.106687	1.03195
2410	-0.0581055	0.10391	1.02966
2420	-0.0558166	0.102109	1.02579
2430	-0.0523682	0.0986302	1.02652
2440	-0.0488281	0.094846	1.02698
2450	-0.0481873	0.0924046	1.02692
2460	-0.0510254	0.0929234	1.0267
2470	-0.0474853	0.091367	1.02588
2480	-0.0463257	0.0947544	1.02661
2490	-0.0477905	0.0974705	1.02948
2500	-0.0488281	0.098325	1.03152
2510	-0.0499573	0.0964329	1.03012
2520	-0.050354	0.094846	1.02597
2530	-0.0510864	0.0925572	1.01874
2540	-0.0508423	0.0898106	1.01559
2550	-0.0484009	0.0890476	1.01187
2560	-0.0450134	0.0867588	1.01028
2570	-0.043335	0.0852635	1.0069
2580	-0.0408935	0.0841343	1.00699
2590	-0.0358581	0.0861485	1.00693
2600	-0.037384	0.0865452	1.00711
2610	-0.0342102	0.0899021	1.0119
2620	-0.0292664	0.0955174	1.01178
2630	-0.0312805	0.0962193	1.01306
2640	-0.03302	0.0980198	1.01364
2650	-0.0317078	0.0979588	1.01566
2660	-0.0310364	0.0986302	1.01294
2670	-0.0356445	0.0964634	1.00888
2680	-0.0328064	0.0980198	1.00644
2690	-0.0300903	0.0963719	1.004
2700	-0.0330811	0.093961	1.00201
2710	-0.032135	0.0936863	0.999298
2720	-0.0309143	0.0923741	0.997894
2730	-0.0293884	0.0947849	0.999054
2740	-0.0252686	0.0964024	1.00296
2750	-0.0218201	0.100766	1.00864
2760	-0.0197144	0.103482	1.01315
2770	-0.0198975	0.10513	1.01562
2780	-0.0152283	0.105252	1.01794
2790	-0.0152588	0.103086	1.01746
2800	-0.00997925	0.0990574	1.01312
2810	-0.00570679	0.0926792	1.00882
2820	-0.00302124	0.0892307	1.00607
2830	0.00131226	0.0869114	1.00726
2840	0.00817871	0.0863316	1.01038
2850	0.00918579	0.0877964	1.0126
2860	0.00875854	0.0908177	1.01364
2870	0.0123596	0.0984776	1.02008
2880	0.0102234	0.106687	1.02762
2890	0.00881958	0.114072	1.03049
2900	0.00662231	0.11688	1.02963
2910	0.00158691	0.119321	1.02481
2920	-0.00234985	0.119535	1.01932
2930	-0.00180054	0.120939	1.01617
2940	-0.000427246	0.121213	1.01669
2950	0.00326538	0.119718	1.01593
2960	0.00924683	0.119474	1.01608
2970	0.0113831	0.118985	1.0162
2980	0.0132751	0.12045	1.01602
2990	0.0171814	0.119901	1.01599
3000	0.0177002	0.119046	1.01373
3010	0.0192566	0.116178	1.0098
3020	0.0195618	0.113462	1.00299
3030	0.0158386	0.112363	0.996887
3040	0.0127869	0.111295	0.99295
3050	0.0152588	0.111173	0.99414
3060	0.0176392	0.111966	0.996734
3070	0.0219421	0.112516	0.997925
3080	0.0250244	0.115415	1.00296
3090	0.0290832	0.120023	1.00973
3100	0.0338745	0.125089	1.01816
3110	0.038269	0.123471	1.01859
3120	0.0423889	0.12042	1.01169
3130	0.0466309	0.114438	1.00217
3140	0.0500793	0.108182	0.992889
3150	0.0506287	0.107175	0.987274
3160	0.0525513	0.103574	0.981323
3170	0.0541687	0.0998814	0.976532
3180	0.0538635	0.0965855	0.97287
3190	0.0578613	0.0954563	0.974975
3200	0.0643921	0.0963108	0.983398
3210	0.0667114	0.101712	0.992981
3220	0.0667419	0.109128	1.00131
3230	0.0727234	0.110044	1.00485
3240	0.0763855	0.113706	1.01068
3250	0.0801391	0.118619	1.01776
3260	0.0863342	0.123685	1.0188
3270	0.0884094	0.128324	1.01849
3280	0.0842285	0.132718	1.01627
3290	0.0844421	0.133023	1.01523
3300	0.0887451	0.130521	1.01416
3310	0.0838928	0.130094	1.01685
3320	0.0848083	0.128843	1.01791
3330	0.0875549	0.123258	1.01413
3340	0.0884705	0.11749	1.01379
3350	0.0895081	0.114408	1.01578
3360	0.0957642	0.110379	1.01819
3370	0.0998535	0.110624	1.01913
3380	0.102081	0.108945	1.0184
3390	0.107605	0.10864	1.01703
3400	0.108307	0.107206	1.01251
3410	0.104889	0.109555	1.01376
3420	0.106079	0.111631	1.01358
3430	0.10849	0.109494	1.01059
3440	0.104584	0.109464	1.00549
3450	0.0995178	0.107145	0.999267
3460	0.0933533	0.10867	0.997406
3470	0.0940552	0.107053	0.995361
3480	0.0977478	0.104581	0.993896
3490	0.0994568	0.104642	0.991669
3500	0.0998535	0.103696	0.992309
3510	0.101898	0.106199	0.993194
3520	0.110107	0.107816	0.996673
3530	0.118347	0.112149	1.00546
3540	0.125214	0.110532	1.00775
3550	0.127197	0.113157	1.00031
3560	0.124512	0.114438	1.00018
3570	0.130493	0.110471	0.99176
3580	0.132812	0.107114	0.986633
3590	0.135406	0.103879	0.982452
3600	0.13504	0.101743	0.982544
3610	0.135681	0.0968296	0.973816
3620	0.143799	0.0988438	0.973175
3630	0.148468	0.0953037	0.975098
3640	0.153992	0.0888035	0.968353
3650	0.159088	0.0886509	0.971252
3660	0.162537	0.0880406	0.967529
3670	0.164978	0.087949	0.965057
3680	0.166779	0.0875523	0.958496
3690	0.169281	0.0868199	0.956634
3700	0.168915	0.0814488	0.950531
3710	0.168793	0.0817539	0.949341
3720	0.173767	0.0868199	0.952576
3730	0.176819	0.0868199	0.952179
3740	0.181061	0.0846226	0.952545
3750	0.18045	0.0848362	0.950958
3760	0.183899	0.0806858	0.949402
3770	0.190247	0.0786106	0.950195
3780	0.197052	0.0798008	0.953308
3790	0.206787	0.0797703	0.957184
3800	0.210266	0.0784886	0.959686
3810	0.211822	0.077451	0.960205
3820	0.216492	0.0797093	0.964172
3830	0.226105	0.0802281	0.970673
3840	0.231232	0.0813877	0.974152
3850	0.229584	0.0806553	0.971985
3860	0.227386	0.0786106	0.970154
3870	0.224823	0.0754673	0.967438
3880	0.225464	0.0744908	0.964935
3890	0.225372	0.0758946	0.964722
3900	0.223968	0.0795872	0.967529
3910	0.220093	0.0813267	0.967193
3920	0.221893	0.0848362	0.97171
3930	0.223602	0.0903904	0.978851
3940	0.224426	0.0916416	0.978027
3950	0.222626	0.0899021	0.974884
3960	0.216522	0.0877964	0.96875
3970	0.213409	0.0833103	0.965271
3980	0.211243	0.0783665	0.958313
3990	0.210419	0.0782444	0.955902
4000	0.206024	0.0808689	0.95581
4010	0.204071	0.0837681	0.954376
4020	0.202759	0.090604	0.960419
4030	0.205841	0.100278	0.970642
4040	0.21225	0.110563	0.982452
4050	0.21286	0.121549	0.992584
4060	0.213745	0.127347	0.99942
4070	0.21579	0.129117	1.00168
4080	0.212738	0.128019	0.998688
4090	0.211487	0.120847	0.989899
4100	0.208343	0.113126	0.97998
4110	0.201172	0.108762	0.970703
4120	0.197174	0.103727	0.96344
4130	0.197876	0.10098	0.957489
4140	0.195953	0.102414	0.9552
4150	0.195282	0.103055	0.957153
4160	0.200653	0.104642	0.960602
4170	0.204346	0.111386	0.969574
4180	0.20697	0.117643	0.976318
4190	0.210937	0.11749	0.981262
4200	0.212769	0.114164	0.980255
4210	0.208099	0.108731	0.97467
4220	0.204559	0.100888	0.965057
4230	0.197327	0.0930454	0.953522
4240	0.189239	0.0873997	0.943268
4250	0.180908	0.0790684	0.931091
4260	0.174988	0.0736057	0.926269
4270	0.173798	0.0797398	0.928192
4280	0.167816	0.0912144	0.936249
4290	0.161468	0.100095	0.942993
4300	0.152863	0.109037	0.95224
4310	0.146118	0.116056	0.957672
4320	0.141785	0.11984	0.961334
4330	0.137024	0.12515	0.967132
4340	0.131561	0.130277	0.969177
4350	0.121124	0.126584	0.966339
4360	0.116791	0.122037	0.960724
4370	0.117432	0.116574	0.961151
4380	0.12384	0.113279	0.963867
4390	0.132202	0.116941	0.973938
4400	0.133881	0.12396	0.985687
4410	0.13446	0.129026	0.994964
4420	0.137878	0.130155	1.00015
4430	0.141815	0.13284	1.00784
4440	0.142914	0.133268	1.0144
4450	0.14032	0.134916	1.01529
4460	0.139343	0.135465	1.01837
4470	0.137115	0.133359	1.02103
4480	0.139313	0.127897	1.01999
4490	0.14212	0.126737	1.02457
4500	0.140656	0.126096	1.02875
4510	0.139679	0.126218	1.02908
4520	0.140778	0.126157	1.03278
4530	0.143494	0.125974	1.03931
4540	0.144653	0.125638	1.0437
4550	0.145782	0.127134	1.04895
4560	0.144745	0.128476	1.05566
4570	0.139282	0.12753	1.0564
4580	0.134521	0.130002	1.05939
4590	0.132568	0.128812	1.06241
4600	0.130493	0.128019	1.06308
4610	0.127808	0.13107	1.06268
4620	0.121582	0.134641	1.05994
4630	0.11264	0.13397	1.05215
4640	0.10318	0.134671	1.04648
4650	0.101685	0.136106	1.04324
4660	0.0993957	0.13693	1.04129
4670	0.0994263	0.140073	1.03976
4680	0.0956116	0.143491	1.04053
4690	0.0927429	0.143155	1.04135
4700	0.0932312	0.140989	1.04013
4710	0.0959167	0.136502	1.0383
4720	0.101349	0.132871	1.0343
4730	0.104889	0.127774	1.02979
4740	0.109833	0.123227	1.02393
4750	0.111694	0.118192	1.01843
4760	0.116119	0.113065	1.01355
4770	0.125183	0.110746	1.0112
4780	0.132843	0.110135	1.01065
4790	0.138702	0.112912	1.01071
4800	0.147095	0.112821	1.01501
4810	0.154755	0.114499	1.01901
4820	0.161224	0.112546	1.02225
4830	0.165985	0.113584	1.0253
4840	0.169983	0.113492	1.02603
4850	0.171967	0.112516	1.02499
4860	0.173462	0.1116	1.02505
4870	0.174835	0.110471	1.02539
4880	0.171875	0.109861	1.01904
4890	0.171173	0.107938	1.01627
4900	0.170135	0.109006	1.0123
4910	0.167755	0.111295	1.01019
4920	0.168518	0.11337	1.00858
4930	0.167694	0.113584	1.00729
4940	0.166962	0.11276	1.00528
4950	0.167786	0.110135	1.00351
4960	0.1698	0.106229	1.00366
4970	0.169525	0.10626	1.00323
4980	0.169952	0.105741	1.00253
4990	0.172791	0.0997593	1.00101
5000	0.171539	0.0954258	0.997192
5010	0.169525	0.0921299	0.993042
5020	0.168274	0.0873997	0.987152
5030	0.168823	0.0848972	0.983887
5040	0.169678	0.0847752	0.980896
5050	0.17041	0.0825779	0.978729
5060	0.172455	0.0821507	0.982666
5070	0.174744	0.0864842	0.988586
5080	0.177979	0.0899021	0.996918
5090	0.181152	0.0943272	1.00293
5100	0.180084	0.1004	1.00888
5110	0.175659	0.103543	1.01132
5120	0.170166	0.109922	1.01505
5130	0.163422	0.110074	1.01337
5140	0.154938	0.108579	1.00815
5150	0.146332	0.101011	1.00055
5160	0.136475	0.0980808	0.993042
5170	0.130859	0.0938084	0.988098
5180	0.128387	0.0901768	0.985016
5190	0.125793	0.0882237	0.982819
5200	0.12323	0.0821201	0.981079
5210	0.123718	0.0797703	0.984314
5220	0.128571	0.0797703	0.992615
5230	0.129822	0.0846836	0.998382
5240	0.133209	0.0851414	1.00317
5250	0.132355	0.0857823	1.00546
5260	0.125977	0.0859654	1.00388
5270	0.12384	0.0820591	0.999023
5280	0.121552	0.0774815	0.990814
5290	0.120544	0.0693943	0.981842
5300	0.115845	0.0631077	0.971039
5310	0.110352	0.0571873	0.962738
5320	0.106567	0.0559056	0.959167
5330	0.108002	0.0544712	0.960175
5340	0.115387	0.0547154	0.964081
5350	0.114807	0.0606358	0.972229
5360	0.112946	0.0674107	0.983643
5370	0.10849	0.0794346	0.992096
5380	0.104492	0.0850804	0.996094
5390	0.104767	0.0872166	1.00031
5400	0.108429	0.0864231	1.00165
5410	0.107086	0.0865757	1.00159
5420	0.101471	0.0851109	1.00476
5430	0.103149	0.0849278	1.00717
5440	0.107666	0.0842564	1.01028
5450	0.114319	0.0823643	1.01425
5460	0.121704	0.0830052	1.02054
5470	0.126953	0.0869724	1.02637
5480	0.123138	0.0875828	1.02808
5490	0.120148	0.0897801	1.02988
5500	0.119812	0.0899632	1.02856
5510	0.118134	0.0882237	1.02859
5520	0.112518	0.0862095	1.02451
5530	0.10498	0.0844395	1.02124
5540	0.0990295	0.0828221	1.01935
5550	0.0919189	0.0798924	1.01715
5560	0.0904846	0.0789463	1.01938
5570	0.0913391	0.075742	1.02234
5580	0.0938415	0.0760777	1.0271
5590	0.0940552	0.0772984	1.03067
5600	0.0938721	0.0791294	1.03775
5610	0.0970459	0.0807163	1.04599
5620	0.0987549	0.0815708	1.05182
5630	0.096405	0.0844395	1.05621
5640	0.0925903	0.0808994	1.0545
5650	0.0855713	0.0810215	1.05014
5660	0.076477	0.0806248	1.04559
5670	0.0677185	0.081876	1.04227
5680	0.0643921	0.0846836	1.04019
5690	0.0605469	0.0891697	1.0387
5700	0.0525818	0.0947239	1.03677
5710	0.0516052	0.0955479	1.0314
5720	0.0521545	0.100858	1.02969
5730	0.0505371	0.0996677	1.03198
5740	0.0520935	0.100766	1.03082
5750	0.0533447	0.0985996	1.02859
5760	0.0531616	0.0962803	1.02429
5770	0.0484924	0.091428	1.01666
5780	0.045929	0.0860264	1.01114
5790	0.0443115	0.0824864	1.00793
5800	0.0421753	0.0845005	1.00836
5810	0.0457458	0.0901768	1.00861
5820	0.0483704	0.090543	1.01132
5830	0.0519104	0.0888645	1.0126
5840	0.0567932	0.0886509	1.01572
5850	0.0623169	0.0891087	1.01834
5860	0.0698547	0.093198	1.02283
5870	0.0739746	0.0981114	1.02844
5880	0.0783386	0.100858	1.03275
5890	0.0794372	0.100797	1.03317
5900	0.0765686	0.105191	1.03281
5910	0.0789184	0.112699	1.03372
5920	0.0780945	0.117093	1.03027
5930	0.0755615	0.119718	1.02847
5940	0.0758362	0.117795	1.02438
5950	0.079956	0.11688	1.02097
5960	0.0808411	0.117185	1.01767
5970	0.0800781	0.119779	1.01535
5980	0.0816345	0.120206	1.01291
5990	0.07901	0.121518	1.01099
6000	0.079956	0.121946	1.01205
6010	0.0855102	0.125699	1.01453
6020	0.0870056	0.126889	1.01282
6030	0.0845642	0.125272	1.009
6040	0.0837097	0.122007	1.00647
6050	0.0873718	0.123136	1.01013
6060	0.0895386	0.12338	1.01184
6070	0.0926208	0.121946	1.01541
6080	0.0942993	0.120389	1.0166
6090	0.0949097	0.116422	1.01318
6100	0.0952759	0.116697	1.01318
6110	0.0979614	0.117063	1.01285
6120	0.102722	0.11456	1.00574
6130	0.102142	0.105283	0.992401
6140	0.104126	0.0981724	0.982239
6150	0.105652	0.0918247	0.970062
6160	0.106201	0.0908177	0.963653
6170	0.107666	0.0939305	0.961761
6180	0.108002	0.0973179	0.958282
6190	0.106415	0.102658	0.95874
6200	0.102631	0.108457	0.959137
6210	0.10437	0.115873	0.962433
6220	0.107635	0.117429	0.961731
6230	0.109253	0.117612	0.960174
6240	0.112396	0.114194	0.95694
6250	0.11377	0.109708	0.952789
6260	0.114258	0.103605	0.94928
6270	0.118195	0.0968907	0.947204
6280	0.121246	0.0928318	0.95163
6290	0.124878	0.0901158	0.953827
6300	0.125488	0.0929539	0.960907
6310	0.125244	0.101743	0.973022
6320	0.12439	0.11221	0.985596
6330	0.120422	0.122281	0.996673
6340	0.121277	0.128934	1.00787
6350	0.120514	0.132749	1.01379
6360	0.119476	0.134885	1.01569
6370	0.114655	0.135587	1.01599
6380	0.109955	0.135801	1.01599
6390	0.106171	0.133237	1.01321
6400	0.099884	0.130124	1.0061
6410	0.096405	0.124418	1.00296
6420	0.0899658	0.125241	0.999786
6430	0.0826111	0.126981	1.00085
6440	0.0796814	0.131742	1.00577
6450	0.0773315	0.133908	1.01205
6460	0.076416	0.137387	1.01785
6470	0.076355	0.136869	1.02148
6480	0.0792541	0.135648	1.02679
6490	0.0774231	0.137296	1.02817
6500	0.0768738	0.135099	1.02927
6510	0.0774841	0.135221	1.03195
6520	0.0767517	0.131711	1.03235
6530	0.0740967	0.130216	1.02924
6540	0.070282	0.127897	1.02579
6550	0.0668945	0.126279	1.02286
6560	0.0639648	0.124875	1.02161
6570	0.0661316	0.1228	1.02158
6580	0.0649109	0.122281	1.02057
6590	0.0598144	0.12103	1.01663
6600	0.0563965	0.120328	1.01294
6610	0.0571289	0.121061	1.01392
6620	0.0589905	0.119199	1.01346
6630	0.0592651	0.120511	1.01331
6640	0.0580139	0.119779	1.01025
6650	0.0598755	0.119291	1.01099
6660	0.0631103	0.118863	1.01343
6670	0.0699768	0.118222	1.01385
6680	0.0739441	0.11453	1.0119
6690	0.0761719	0.110685	1.0069
6700	0.0767822	0.107541	1.00287
6710	0.0799866	0.101804	0.998566
6720	0.0819397	0.101072	0.997497
6730	0.0801392	0.0989353	0.992523
6740	0.0802002	0.0974095	0.987884
6750	0.0819397	0.093961	0.98642
6760	0.0828247	0.0958531	0.986908
6770	0.082489	0.0984165	0.988373
6780	0.0846252	0.101957	0.993469
6790	0.0848694	0.107419	0.999878
6800	0.0875244	0.111753	1.00604
6810	0.0865478	0.114194	1.01041
6820	0.0840149	0.11691	1.01312
6830	0.076416	0.118894	1.01138
6840	0.0710754	0.120206	1.01181
6850	0.0665893	0.120237	1.0137
6860	0.0601807	0.119382	1.01141
6870	0.0529785	0.114225	1.00577
6880	0.0452881	0.106839	0.996033
6890	0.0393982	0.100522	0.987579
6900	0.0354919	0.0907871	0.978516
6910	0.0335388	0.0841953	0.976227
6920	0.0283813	0.0780613	0.96933
6930	0.026062	0.0724156	0.962097
6940	0.0225525	0.0694248	0.95871
6950	0.0186462	0.0752537	0.962768
6960	0.0232239	0.0866062	0.975799
6970	0.0340881	0.10629	0.993774
6980	0.0432739	0.133237	1.01767
6990	0.0554199	0.166379	1.04126
7000	0.0699158	0.204618	1.07065
7010	0.0788574	0.243772	1.10303
7020	0.0960388	0.285825	1.14438
7030	0.122528	0.325956	1.19696
7040	0.149597	0.368131	1.25739
7050	0.180725	0.401029	1.324
7060	0.214752	0.427091	1.39401
7070	0.245605	0.440641	1.46533
7080	0.278259	0.441129	1.52896
7090	0.31015	0.42584	1.57825
7100	0.328827	0.390683	1.59875
7110	0.327301	0.32681	1.57053
7120	0.295776	0.223478	1.49039
7130	0.247192	0.0901768	1.36459
7140	0.189667	-0.0565212	1.20041
7150	0.108215	-0.212497	1.00223
7160	0.0101624	-0.36896	0.79364
7170	-0.0924988	-0.497927	0.597168
7180	-0.196625	-0.599063	0.427429
7190	-0.295593	-0.658755	0.30722
7200	-0.386963	-0.653598	0.242981
7210	-0.481598	-0.592349	0.226044
7220	-0.566681	-0.499819	0.249512
7230	-0.61853	-0.390628	0.303833
7240	-0.653015	-0.280246	0.368164
7250	-0.669159	-0.178378	0.438415
7260	-0.671539	-0.0910061	0.505402
7270	-0.649994	-0.0193203	0.568298
7280	-0.592682	0.0220616	0.631775
7290	-0.497559	0.0456822	0.708984
7300	-0.38913	0.0627415	0.796966
7310	-0.275238	0.0787327	0.88855
7320	-0.1586	0.10513	0.98996
7330	-0.046997	0.128415	1.08826
7340	0.0648499	0.15051	1.17654
7350	0.161438	0.171048	1.2471
7360	0.235352	0.193265	1.3031
7370	0.281677	0.208127	1.3298
7380	0.312134	0.213193	1.33612
7390	0.335358	0.216092	1.31305
7400	0.341766	0.223233	1.31064
7410	0.337738	0.227445	1.30203
7420	0.323547	0.235654	1.29306
7430	0.302643	0.240537	1.28156
7440	0.272888	0.235379	1.25543
7450	0.245514	0.225461	1.22128
7460	0.216339	0.21597	1.19275
7470	0.181549	0.208646	1.19086
7480	0.159088	0.191129	1.16104
7490	0.140533	0.172055	1.13416
7500	0.122864	0.153897	1.11865
7510	0.111725	0.137876	1.10599
7520	0.107697	0.125058	1.10211
7530	0.103973	0.118619	1.10669
7540	0.0982361	0.107236	1.10422
7550	0.0914001	0.0936558	1.09979
7560	0.0841675	0.079343	1.09521
7570	0.0776367	0.0685398	1.08746
7580	0.073822	0.0534336	1.06985
7590	0.0656128	0.0383579	1.0546
7600	0.0583801	0.0326817	1.04544
7610	0.0470581	0.0252659	1.03464
7620	0.0379333	0.0217259	1.02695
7630	0.0305786	0.0200474	1.01599
7640	0.0239563	0.017545	1.0065
7650	0.0163574	0.0111973	0.993988
7660	0.0072937	0.00756571	0.980865
7670	0.0017395	0.00640604	0.969543
7680	-0.00601196	-0.000674033	0.957001
7690	-0.00906372	-0.000551963	0.955841
7700	-0.0116272	0.00237772	0.954681
7710	-0.0124512	0.00774882	0.960174
7720	-0.0149231	0.0181553	0.968841
7730	-0.0167541	0.0340245	0.983765
7740	-0.0167541	0.0494663	1.00064
7750	-0.0172119	0.0641453	1.01389
7760	-0.0178833	0.0763218	1.02133
7770	-0.0190735	0.0799839	1.01685
7780	-0.0176697	0.0827915	1.01138
7790	-0.0209045	0.0816624	1.00256
7800	-0.0240784	0.0838597	0.994141
7810	-0.0235901	0.0854466	0.985809
7820	-0.0247498	0.0867588	0.975738
7830	-0.0247803	0.0843479	0.968841
7840	-0.0227966	0.0820591	0.963318
7850	-0.0175171	0.0834629	0.968872
7860	-0.0116272	0.083646	0.974945
7870	-0.00564575	0.0873997	0.986542
7880	0.00466919	0.0878269	0.998901
7890	0.014679	0.0860569	1.01193
7900	0.0247192	0.0829441	1.02661
7910	0.0350037	0.0830967	1.03793
7920	0.0451965	0.0831577	1.04843
7930	0.052124	0.0772068	1.05328
7940	0.0566406	0.0718357	1.05661
7950	0.0637512	0.0620091	1.05521
7960	0.0670776	0.0524876	1.05127
7970	0.0704651	0.0448277	1.04654
7980	0.0713806	0.0385105	1.039
7990	0.0680237	0.0337498	1.0343
8000	0.0632629	0.0295689	1.02786
8010	0.0574646	0.0265782	1.02051
8020	0.0500183	0.0239231	1.01089
8030	0.0423584	0.0224278	1.00076
8040	0.032196	0.0189488	0.988769
8050	0.018219	0.0152256	0.975952
8060	0.0090332	0.0155918	0.968079
8070	-0.000854492	0.0171482	0.966217
8080	-0.0111694	0.0237705	0.971069
8090	-0.0217285	0.0377476	0.979645
8100	-0.038147	0.0543492	0.994476
8110	-0.0574036	0.0791905	1.01559
8120	-0.0746765	0.114011	1.04965
8130	-0.0946045	0.156308	1.08847
8140	-0.120819	0.204679	1.13086
8150	-0.149994	0.257688	1.17554
8160	-0.176086	0.313565	1.22516
8170	-0.199829	0.373136	1.28259
8180	-0.2146	0.434659	1.34369
8190	-0.225372	0.486051	1.3963
8200	-0.234344	0.521329	1.43579
8210	-0.236023	0.547025	1.46912
8220	-0.23114	0.555692	1.49442
8230	-0.219635	0.551389	1.50201
8240	-0.20163	0.526029	1.48767
8250	-0.181549	0.466184	1.44562
8260	-0.15033	0.396177	1.39154
8270	-0.11792	0.333982	1.33746
8280	-0.072113	0.249295	1.25983
8290	-0.0302124	0.145047	1.16623
8300	0.0223999	0.0364353	1.06412
8310	0.073761	-0.0825832	0.952911
8320	0.121765	-0.207858	0.830902
8330	0.178619	-0.329898	0.705353
8340	0.23587	-0.455172	0.573395
8350	0.302551	-0.594149	0.442535
8360	0.355774	-0.704928	0.339142
8370	0.408447	-0.785617	0.261444
8380	0.446808	-0.848605	0.20639
8390	0.467621	-0.880313	0.171906
8400	0.466705	-0.880252	0.161133
8410	0.449921	-0.845248	0.176849
8420	0.413452	-0.79642	0.207855
8430	0.362762	-0.729312	0.256103
8440	0.31665	-0.637973	0.328827
8450	0.278015	-0.53461	0.415985
8460	0.237885	-0.415286	0.511047
8470	0.206055	-0.287875	0.614227
8480	0.181213	-0.160159	0.718933
8490	0.150818	-0.0361965	0.817871
8500	0.115295	0.0929844	0.913788
8510	0.0759277	0.214231	0.992493
8520	0.0299683	0.311124	1.04871
8530	-0.0217895	0.387937	1.0885
8540	-0.0669861	0.439267	1.11597
8550	-0.0984497	0.471769	1.13489
8560	-0.118896	0.493405	1.15692
8570	-0.142334	0.507413	1.1748
8580	-0.14209	0.498105	1.19589
8590	-0.133575	0.488279	1.24002
8600	-0.126007	0.477231	1.263
8610	-0.117676	0.461545	1.27554
8620	-0.112152	0.44827	1.28058
8630	-0.107239	0.425656	1.28259
8640	-0.096344	0.400968	1.2811
8650	-0.0700684	0.372892	1.27991
8660	-0.0569458	0.350522	1.27017
8670	-0.047821	0.32388	1.23511
8680	-0.0338135	0.294675	1.21463
8690	-0.0213623	0.266324	1.19415
8700	-0.00466919	0.23956	1.17517
8710	0.0072937	0.21948	1.16171
8720	0.0170288	0.206723	1.15103
8730	0.0259705	0.1965	1.1431
8740	0.0357361	0.189359	1.13501
8750	0.0449524	0.180143	1.1225
8760	0.0498047	0.17175	1.10803
8770	0.0563354	0.164029	1.09628
8780	0.0596008	0.155332	1.08221
8790	0.0677795	0.147947	1.06692
8800	0.0699463	0.132383	1.04553
8810	0.0710754	0.119321	1.02704
8820	0.0753174	0.111081	1.01587
8830	0.0792847	0.11041	1.0108
8840	0.0781555	0.110746	1.00803
8850	0.0768127	0.113584	1.00528
8860	0.0773315	0.115689	1.0076
8870	0.0796204	0.112485	1.00711
8880	0.0830688	0.111661	1.00778
8890	0.0800476	0.10629	1.00635
8900	0.0725098	0.101804	1.00006
8910	0.0688477	0.0971958	0.999054
8920	0.0715942	0.0943577	1.00311
8930	0.0752869	0.0936558	1.01166
8940	0.074585	0.0942661	1.01437
8950	0.0679321	0.0955784	1.01645
8960	0.063324	0.0961277	1.02109
8970	0.0629272	0.0999729	1.02576
8980	0.0646057	0.100431	1.03122
8990	0.0679932	0.0986607	1.03134
9000	0.0678711	0.0982945	1.02631
9010	0.0625915	0.0968907	1.02008
9020	0.0584717	0.0946018	1.01422
9030	0.0563965	0.0925877	1.0083
9040	0.055542	0.0885594	1.00473
9050	0.0543213	0.0873081	1.00241
9060	0.0544739	0.0858433	1.00116
9070	0.0496521	0.0855991	0.998047
9080	0.0473938	0.0799839	0.996155
9090	0.0458679	0.0737278	0.98938
9100	0.0437622	0.0657627	0.980652
9110	0.0381165	0.0586826	0.975922
9120	0.0348816	0.057523	0.971222
9130	0.0364075	0.055753	0.970306
9140	0.0373535	0.0561497	0.972717
9150	0.0384521	0.055814	0.976471
9160	0.0422668	0.058408	0.983185
9170	0.0480957	0.0602696	0.991913
9180	0.0544434	0.0660069	1.0054
9190	0.0594177	0.0727207	1.01343
9200	0.058136	0.075742	1.01749
9210	0.0561829	0.0768711	1.01807
9220	0.0533142	0.0769322	1.01724
9230	0.0510559	0.0788242	1.01868
9240	0.0465088	0.0825169	1.01703
9250	0.0415039	0.0858738	1.01511
9260	0.0382996	0.0877354	1.0116
9270	0.0375671	0.0885899	1.01132
9280	0.0410767	0.0903294	1.01294
9290	0.0412292	0.0909397	1.01218
9300	0.0408935	0.0923435	1.01001
9310	0.0421448	0.0933811	1.0098
9320	0.0458984	0.0908177	1.00851
9330	0.051178	0.0893223	1.0101
9340	0.0560913	0.0881931	1.01227
9350	0.0590515	0.0868199	1.0123
9360	0.059967	0.0835545	1.01199
9370	0.0629883	0.0822727	1.01355
9380	0.0632019	0.0784886	1.01294
9390	0.0635071	0.0750096	1.01102
9400	0.0632324	0.0739414	1.0127
9410	0.0632935	0.0725071	1.01404
9420	0.0636902	0.0727513	1.01697
9430	0.0656128	0.0732395	1.01907
9440	0.0635681	0.0753452	1.02084
9450	0.0586243	0.0755589	1.02039
9460	0.0598144	0.080167	1.02319
9470	0.0601501	0.0831577	1.02609
9480	0.0584412	0.0876438	1.02866
9490	0.0566406	0.0958531	1.03311
9500	0.055603	0.102628	1.03714
9510	0.0546875	0.107053	1.04056
9520	0.0567017	0.108518	1.04279
9530	0.0585632	0.111264	1.0452
9540	0.0572815	0.11337	1.04773
9550	0.0579529	0.116239	1.05191
9560	0.0593567	0.119931	1.05804
9570	0.0581055	0.120389	1.05835
9580	0.0583191	0.119596	1.05862
9590	0.0606079	0.12045	1.06052
9600	0.0613403	0.12396	1.06116
9610	0.0628662	0.127073	1.06369
9620	0.0663452	0.128324	1.06259
9630	0.066864	0.126584	1.0582
9640	0.0670776	0.124723	1.04874
9650	0.0689697	0.121793	1.04385
9660	0.0714111	0.119107	1.04019
9670	0.0712585	0.121244	1.03839
9680	0.0707092	0.123777	1.03821
9690	0.0743408	0.127591	1.03833
9700	0.0763245	0.132566	1.04193
9710	0.0780029	0.137754	1.04694
9720	0.0804138	0.141996	1.05252
9730	0.0858765	0.145719	1.05637
9740	0.0862732	0.149381	1.0578
9750	0.0873413	0.150449	1.05768
9760	0.0910034	0.148191	1.05606
9770	0.0932617	0.143094	1.05194
9780	0.0953064	0.137693	1.04562
9790	0.0963135	0.133756	1.03665
9800	0.0961914	0.130491	1.03174
9810	0.0941772	0.129789	1.02631
9820	0.0994263	0.129178	1.02267
9830	0.105865	0.129941	1.01923
9840	0.109528	0.133359	1.01584
9850	0.108887	0.13931	1.01767
9860	0.107208	0.146665	1.01978
9870	0.109283	0.153501	1.02567
9880	0.11087	0.158384	1.02628
9890	0.112793	0.162534	1.02734
9900	0.110901	0.16641	1.02896
9910	0.111267	0.169797	1.03409
9920	0.112732	0.173215	1.03583
9930	0.114716	0.174955	1.03403
9940	0.117584	0.173398	1.02884
9950	0.11673	0.171231	1.02063
9960	0.118134	0.172208	1.01416
9970	0.118072	0.171048	1.00916
9980	0.115021	0.174802	1.0047
9990	0.11145	0.177701	0.997223
